All features 
LDA: true  
hidden units: 1
[[0.22222222 0.16666667 0.19047619]
 [0.12727273 0.14583333 0.13592233]
 [0.29032258 0.375      0.32727273]
 [0.25641026 0.20833333 0.22988506]
 [0.22405695 0.22395833 0.22088908]]
0.22395833333333334
hidden units: 2
[[0.24137931 0.14583333 0.18181818]
 [0.23636364 0.27083333 0.25242718]
 [0.29850746 0.41666667 0.34782609]
 [0.26829268 0.22916667 0.24719101]
 [0.26113577 0.265625   0.25731562]]
0.265625
hidden units: 3
[[0.27272727 0.1875     0.22222222]
 [0.14634146 0.125      0.13483146]
 [0.35820896 0.5        0.4173913 ]
 [0.29411765 0.3125     0.3030303 ]
 [0.26784883 0.28125    0.26936882]]
0.28125
hidden units: 4
[[0.14705882 0.10416667 0.12195122]
 [0.23404255 0.22916667 0.23157895]
 [0.34920635 0.45833333 0.3963964 ]
 [0.25       0.25       0.25      ]
 [0.24507693 0.26041667 0.24998164]]
0.2604166666666667
hidden units: 5
[[0.17241379 0.10416667 0.12987013]
 [0.08928571 0.10416667 0.09615385]
 [0.28571429 0.375      0.32432432]
 [0.34090909 0.3125     0.32608696]
 [0.22208072 0.22395833 0.21910881]]
0.22395833333333334
hidden units: 6
[[0.25       0.1875     0.21428571]
 [0.18181818 0.16666667 0.17391304]
 [0.26315789 0.3125     0.28571429]
 [0.30909091 0.35416667 0.33009709]
 [0.25101675 0.25520833 0.25100253]]
0.2552083333333333
hidden units: 7
[[0.34285714 0.25       0.28915663]
 [0.20588235 0.14583333 0.17073171]
 [0.31666667 0.39583333 0.35185185]
 [0.3015873  0.39583333 0.34234234]
 [0.29174837 0.296875   0.28852063]]
0.296875
hidden units: 8
[[0.35483871 0.22916667 0.27848101]
 [0.23076923 0.1875     0.20689655]
 [0.31343284 0.4375     0.36521739]
 [0.25454545 0.29166667 0.27184466]
 [0.28839656 0.28645833 0.2806099 ]]
0.2864583333333333
hidden units: 9
[[0.27027027 0.20833333 0.23529412]
 [0.13333333 0.125      0.12903226]
 [0.24489796 0.25       0.24742268]
 [0.26229508 0.33333333 0.29357798]
 [0.22769916 0.22916667 0.22633176]]
0.22916666666666666
hidden units: 10
[[0.17391304 0.16666667 0.17021277]
 [0.14634146 0.125      0.13483146]
 [0.20754717 0.22916667 0.21782178]
 [0.26923077 0.29166667 0.28      ]
 [0.19925811 0.203125   0.2007165 ]]
0.203125
hidden units: 11
[[0.36111111 0.27083333 0.30952381]
 [0.28571429 0.25       0.26666667]
 [0.2173913  0.20833333 0.21276596]
 [0.33823529 0.47916667 0.39655172]
 [0.300613   0.30208333 0.29637704]]
0.3020833333333333
hidden units: 12
[[0.22222222 0.20833333 0.21505376]
 [0.14634146 0.125      0.13483146]
 [0.2745098  0.29166667 0.28282828]
 [0.32727273 0.375      0.34951456]
 [0.24258655 0.25       0.24555702]]
0.25
hidden units: 13
[[0.2972973  0.22916667 0.25882353]
 [0.2        0.22916667 0.21359223]
 [0.23913043 0.22916667 0.23404255]
 [0.27777778 0.3125     0.29411765]
 [0.25355138 0.25       0.25014399]]
0.25
hidden units: 14
[[0.28947368 0.22916667 0.25581395]
 [0.30434783 0.29166667 0.29787234]
 [0.25531915 0.25       0.25263158]
 [0.3442623  0.4375     0.3853211 ]
 [0.29835074 0.30208333 0.29790974]]
0.3020833333333333
hidden units: 15
[[0.24444444 0.22916667 0.23655914]
 [0.15217391 0.14583333 0.14893617]
 [0.24242424 0.33333333 0.28070175]
 [0.4        0.29166667 0.3373494 ]
 [0.25976065 0.25       0.25088662]]
0.25
hidden units: 16
[[0.25581395 0.22916667 0.24175824]
 [0.19047619 0.16666667 0.17777778]
 [0.2037037  0.22916667 0.21568627]
 [0.28301887 0.3125     0.2970297 ]
 [0.23325318 0.234375   0.233063  ]]
0.234375
hidden units: 17
[[0.39393939 0.27083333 0.32098765]
 [0.14285714 0.125      0.13333333]
 [0.33898305 0.41666667 0.37383178]
 [0.27586207 0.33333333 0.30188679]
 [0.28791041 0.28645833 0.28250989]]
0.2864583333333333
hidden units: 18
[[0.24242424 0.16666667 0.19753086]
 [0.26       0.27083333 0.26530612]
 [0.26153846 0.35416667 0.30088496]
 [0.27272727 0.25       0.26086957]
 [0.25917249 0.26041667 0.25614788]]
0.2604166666666667
hidden units: 19
[[0.3        0.1875     0.23076923]
 [0.2        0.22916667 0.21359223]
 [0.31372549 0.33333333 0.32323232]
 [0.28571429 0.33333333 0.30769231]
 [0.27485994 0.27083333 0.26882152]]
0.2708333333333333
accuracy list: 
[0.22395833333333334, 0.265625, 0.28125, 0.2604166666666667, 0.22395833333333334, 0.2552083333333333, 0.296875, 0.2864583333333333, 0.22916666666666666, 0.203125, 0.3020833333333333, 0.25, 0.25, 0.3020833333333333, 0.25, 0.234375, 0.2864583333333333, 0.2604166666666667, 0.2708333333333333]
time cost list: 
[1.5038189888000488, 2.6221771240234375, 3.8469200134277344, 5.431183099746704, 7.7275550365448, 9.088589191436768, 10.819514989852905, 13.529655933380127, 20.60599708557129, 20.38301181793213, 21.65339231491089, 24.879637002944946, 25.598623037338257, 29.271309852600098, 31.48937201499939, 30.77118682861328, 32.56410527229309, 36.16759490966797, 37.011626958847046]
