All features 
LDA: True  
hidden units: 1
[[0.4        0.75       0.52173913]
 [0.22222222 0.08333333 0.12121212]
 [0.35294118 0.125      0.18461538]
 [0.41791045 0.58333333 0.48695652]
 [0.34826846 0.38541667 0.32863079]]
0.3854166666666667
hidden units: 2
[[0.425      0.70833333 0.53125   ]
 [0.28571429 0.04166667 0.07272727]
 [0.23684211 0.1875     0.20930233]
 [0.53731343 0.75       0.62608696]
 [0.37121746 0.421875   0.35984164]]
0.421875
hidden units: 3
[[0.38157895 0.60416667 0.46774194]
 [0.28571429 0.04166667 0.07272727]
 [0.10810811 0.08333333 0.09411765]
 [0.52777778 0.79166667 0.63333333]
 [0.32579478 0.38020833 0.31698005]]
0.3802083333333333
hidden units: 4
[[0.40540541 0.625      0.49180328]
 [0.5        0.10416667 0.17241379]
 [0.26190476 0.22916667 0.24444444]
 [0.57575758 0.79166667 0.66666667]
 [0.43576694 0.4375     0.39383205]]
0.4375
hidden units: 5
[[0.43209877 0.72916667 0.54263566]
 [0.5        0.04166667 0.07692308]
 [0.20588235 0.14583333 0.17073171]
 [0.54794521 0.83333333 0.66115702]
 [0.42148158 0.4375     0.36286187]]
0.4375
hidden units: 6
[[0.36585366 0.625      0.46153846]
 [0.2        0.02083333 0.03773585]
 [0.15625    0.10416667 0.125     ]
 [0.52054795 0.79166667 0.62809917]
 [0.3106629  0.38541667 0.31309337]]
0.3854166666666667
hidden units: 7
[[0.34920635 0.45833333 0.3963964 ]
 [0.21428571 0.0625     0.09677419]
 [0.13636364 0.125      0.13043478]
 [0.47887324 0.70833333 0.57142857]
 [0.29468223 0.33854167 0.29875849]]
0.3385416666666667
hidden units: 8
[[0.46969697 0.64583333 0.54385965]
 [0.44444444 0.16666667 0.24242424]
 [0.25641026 0.20833333 0.22988506]
 [0.50724638 0.72916667 0.5982906 ]
 [0.41944951 0.4375     0.40361489]]
0.4375
hidden units: 9
