All features 
GA: True  
hidden units: 1
best fame
('[1 0 0 0 1 1 0 1 1 1 0 0 1 1 1 1 0 1 0 0 1 0 1 1 0 0 0 0 1 1 0 0 0 0 0 1 1\n 0 0 0 1 0 0 1 1 0 1 1 0 0 0 1 1 1 1 1 1 1 0 0 1 1 1 1 0 1 0 1 0 0 1 1 0 0\n 0 0 0 0 1 1 1 1 0 0 0]', 0.328125)
best fame evaluation
[[0.3        0.25       0.27272727]
 [0.22222222 0.125      0.16      ]
 [0.3442623  0.4375     0.3853211 ]
 [0.375      0.5        0.42857143]
 [0.31037113 0.328125   0.31165495]]
hidden units: 2
best fame
('[1 0 1 0 1 1 1 0 0 1 0 0 1 0 1 1 0 0 1 1 0 1 1 0 0 0 0 0 1 0 1 1 1 1 0 0 1\n 0 1 1 1 1 0 0 0 1 1 0 0 1 0 0 1 0 0 0 1 0 1 1 1 1 1 0 1 0 0 0 0 1 0 0 1 0\n 1 1 0 1 1 0 1 1 1 0 1]', 0.3333333333333333)
best fame evaluation
[[0.29090909 0.33333333 0.31067961]
 [0.34090909 0.3125     0.32608696]
 [0.31914894 0.3125     0.31578947]
 [0.39130435 0.375      0.38297872]
 [0.33556787 0.33333333 0.33388369]]
hidden units: 3
best fame
('[1 0 1 1 0 0 1 0 1 0 1 0 1 0 1 0 0 1 0 0 0 1 1 1 0 0 0 0 0 0 0 0 0 0 0 1 1\n 1 0 0 1 1 0 0 1 0 0 0 0 0 1 0 0 0 1 1 0 1 0 1 0 0 0 1 1 1 1 0 1 0 0 0 0 0\n 1 1 1 1 0 0 1 1 0 1 0]', 0.3697916666666667)
best fame evaluation
[[0.36842105 0.29166667 0.3255814 ]
 [0.33962264 0.375      0.35643564]
 [0.36734694 0.375      0.37113402]
 [0.40384615 0.4375     0.42      ]
 [0.3698092  0.36979167 0.36828776]]
hidden units: 4
