All features 
LDA: true  
hidden units: 1
[[0.36486486 0.5625     0.44262295]
 [0.58333333 0.14583333 0.23333333]
 [0.0952381  0.08333333 0.08888889]
 [0.578125   0.77083333 0.66071429]
 [0.40539032 0.390625   0.35638986]]
0.390625
hidden units: 2
[[0.40540541 0.625      0.49180328]
 [0.375      0.125      0.1875    ]
 [0.18421053 0.14583333 0.1627907 ]
 [0.53125    0.70833333 0.60714286]
 [0.37396648 0.40104167 0.36230921]]
0.4010416666666667
hidden units: 3
[[0.38095238 0.5        0.43243243]
 [0.44444444 0.16666667 0.24242424]
 [0.19565217 0.1875     0.19148936]
 [0.50769231 0.6875     0.5840708 ]
 [0.38218533 0.38541667 0.36260421]]
0.3854166666666667
hidden units: 4
[[0.3559322  0.4375     0.39252336]
 [0.         0.         0.        ]
 [0.11111111 0.14583333 0.12612613]
 [0.5        0.58333333 0.53846154]
 [0.24176083 0.29166667 0.26427776]]
0.2916666666666667
hidden units: 5
[[0.32876712 0.5        0.39669421]
 [0.125      0.04166667 0.0625    ]
 [0.15217391 0.14583333 0.14893617]
 [0.54385965 0.64583333 0.59047619]
 [0.28745017 0.33333333 0.29965164]]
0.3333333333333333
hidden units: 6
[[0.33333333 0.35416667 0.34343434]
 [0.125      0.0625     0.08333333]
 [0.21818182 0.25       0.23300971]
 [0.61290323 0.79166667 0.69090909]
 [0.32235459 0.36458333 0.33767162]]
0.3645833333333333
hidden units: 7
[[0.2        0.16666667 0.18181818]
 [0.29411765 0.20833333 0.24390244]
 [0.17910448 0.25       0.20869565]
 [0.54901961 0.58333333 0.56565657]
 [0.30556043 0.30208333 0.30001821]]
0.3020833333333333
hidden units: 8
[[0.36363636 0.33333333 0.34782609]
 [0.29032258 0.1875     0.2278481 ]
 [0.18309859 0.27083333 0.21848739]
 [0.5        0.47916667 0.4893617 ]
 [0.33426438 0.31770833 0.32088082]]
0.3177083333333333
hidden units: 9
[[0.34545455 0.39583333 0.36893204]
 [0.39130435 0.1875     0.25352113]
 [0.25862069 0.3125     0.28301887]
 [0.57142857 0.66666667 0.61538462]
 [0.39170204 0.390625   0.38021416]]
0.390625
hidden units: 10
[[0.27027027 0.20833333 0.23529412]
 [0.20512821 0.16666667 0.18390805]
 [0.29310345 0.35416667 0.32075472]
 [0.44827586 0.54166667 0.49056604]
 [0.30419445 0.31770833 0.30763073]]
0.3177083333333333
hidden units: 11
[[0.41666667 0.52083333 0.46296296]
 [0.24137931 0.14583333 0.18181818]
 [0.34090909 0.3125     0.32608696]
 [0.47457627 0.58333333 0.52336449]
 [0.36838283 0.390625   0.37355815]]
0.390625
hidden units: 12
[[0.4375     0.4375     0.4375    ]
 [0.41935484 0.27083333 0.32911392]
 [0.23076923 0.25       0.24      ]
 [0.55737705 0.70833333 0.62385321]
 [0.41125028 0.41666667 0.40761678]]
0.4166666666666667
hidden units: 13
[[0.34090909 0.3125     0.32608696]
 [0.41935484 0.27083333 0.32911392]
 [0.29824561 0.35416667 0.32380952]
 [0.53333333 0.66666667 0.59259259]
 [0.39796072 0.40104167 0.39290075]]
0.4010416666666667
hidden units: 14
[[0.26315789 0.3125     0.28571429]
 [0.1025641  0.08333333 0.09195402]
 [0.04347826 0.04166667 0.04255319]
 [0.28       0.29166667 0.28571429]
 [0.17230006 0.18229167 0.17648395]]
0.18229166666666666
hidden units: 15
[[0.375      0.375      0.375     ]
 [0.31428571 0.22916667 0.26506024]
 [0.23636364 0.27083333 0.25242718]
 [0.46296296 0.52083333 0.49019608]
 [0.34715308 0.34895833 0.34567088]]
0.3489583333333333
hidden units: 16
[[0.32727273 0.375      0.34951456]
 [0.1875     0.0625     0.09375   ]
 [0.15686275 0.16666667 0.16161616]
 [0.44285714 0.64583333 0.52542373]
 [0.27862315 0.3125     0.28257611]]
0.3125
hidden units: 17
[[0.22222222 0.20833333 0.21505376]
 [0.11111111 0.0625     0.08      ]
 [0.27118644 0.33333333 0.29906542]
 [0.39344262 0.5        0.44036697]
 [0.2494906  0.27604167 0.25862154]]
0.2760416666666667
hidden units: 18
[[0.21568627 0.22916667 0.22222222]
 [0.22727273 0.20833333 0.2173913 ]
 [0.16071429 0.1875     0.17307692]
 [0.36585366 0.3125     0.33707865]
 [0.24238174 0.234375   0.23744228]]
0.234375
hidden units: 19
[[0.44186047 0.39583333 0.41758242]
 [0.54285714 0.39583333 0.45783133]
 [0.35849057 0.39583333 0.37623762]
 [0.59016393 0.75       0.66055046]
 [0.48334303 0.484375   0.47805046]]
0.484375
accuracy list: 
[0.390625, 0.4010416666666667, 0.3854166666666667, 0.2916666666666667, 0.3333333333333333, 0.3645833333333333, 0.3020833333333333, 0.3177083333333333, 0.390625, 0.3177083333333333, 0.390625, 0.4166666666666667, 0.4010416666666667, 0.18229166666666666, 0.3489583333333333, 0.3125, 0.2760416666666667, 0.234375, 0.484375]
time cost list: 
[0.5725817680358887, 1.1765549182891846, 2.2962167263031006, 3.4526469707489014, 4.398421049118042, 5.9659318923950195, 10.494239091873169, 12.387569189071655, 12.67030382156372, 16.763244152069092, 22.230168104171753, 21.683913230895996, 25.979171991348267, 30.55494499206543, 36.53592491149902, 37.09021186828613, 49.45082211494446, 47.45568490028381, 55.47127103805542]
