All features 
LDA: false  
hidden units: 1
[[0.32258065 0.20833333 0.25316456]
 [0.24193548 0.3125     0.27272727]
 [0.33333333 0.33333333 0.33333333]
 [0.25490196 0.27083333 0.26262626]
 [0.28818786 0.28125    0.28046286]]
0.28125
hidden units: 2
[[0.21621622 0.16666667 0.18823529]
 [0.2        0.20833333 0.20408163]
 [0.32758621 0.39583333 0.35849057]
 [0.29787234 0.29166667 0.29473684]
 [0.26041869 0.265625   0.26138608]]
0.265625
hidden units: 3
[[0.2195122  0.1875     0.20224719]
 [0.12962963 0.14583333 0.1372549 ]
 [0.32075472 0.35416667 0.33663366]
 [0.40909091 0.375      0.39130435]
 [0.26974686 0.265625   0.26686003]]
0.265625
hidden units: 4
[[0.21052632 0.16666667 0.18604651]
 [0.22413793 0.27083333 0.24528302]
 [0.36538462 0.39583333 0.38      ]
 [0.31818182 0.29166667 0.30434783]
 [0.27955767 0.28125    0.27891934]]
0.28125
hidden units: 5
[[0.22857143 0.16666667 0.19277108]
 [0.34693878 0.35416667 0.35051546]
 [0.29411765 0.41666667 0.34482759]
 [0.275      0.22916667 0.25      ]
 [0.28615696 0.29166667 0.28452853]]
0.2916666666666667
hidden units: 6
[[0.15625    0.10416667 0.125     ]
 [0.30769231 0.25       0.27586207]
 [0.33898305 0.41666667 0.37383178]
 [0.24193548 0.3125     0.27272727]
 [0.26121521 0.27083333 0.26185528]]
0.2708333333333333
hidden units: 7
[[0.24444444 0.22916667 0.23655914]
 [0.26190476 0.22916667 0.24444444]
 [0.25714286 0.375      0.30508475]
 [0.22857143 0.16666667 0.19277108]
 [0.24801587 0.25       0.24471485]]
0.25
hidden units: 8
[[0.25       0.20833333 0.22727273]
 [0.17647059 0.1875     0.18181818]
 [0.21818182 0.25       0.23300971]
 [0.19565217 0.1875     0.19148936]
 [0.21007615 0.20833333 0.20839749]]
0.20833333333333334
hidden units: 9
[[0.21428571 0.1875     0.2       ]
 [0.23913043 0.22916667 0.23404255]
 [0.28846154 0.3125     0.3       ]
 [0.30769231 0.33333333 0.32      ]
 [0.2623925  0.265625   0.26351064]]
0.265625
hidden units: 10
[[0.27906977 0.25       0.26373626]
 [0.28947368 0.22916667 0.25581395]
 [0.32       0.33333333 0.32653061]
 [0.27868852 0.35416667 0.31192661]
 [0.29180799 0.29166667 0.28950186]]
0.2916666666666667
hidden units: 11
[[0.28205128 0.22916667 0.25287356]
 [0.24074074 0.27083333 0.25490196]
 [0.29166667 0.29166667 0.29166667]
 [0.31372549 0.33333333 0.32323232]
 [0.28204604 0.28125    0.28066863]]
0.28125
hidden units: 12
[[0.17647059 0.125      0.14634146]
 [0.25490196 0.27083333 0.26262626]
 [0.33333333 0.39583333 0.36190476]
 [0.32       0.33333333 0.32653061]
 [0.27117647 0.28125    0.27435078]]
0.28125
hidden units: 13
[[0.28125    0.1875     0.225     ]
 [0.2173913  0.20833333 0.21276596]
 [0.32075472 0.35416667 0.33663366]
 [0.27868852 0.35416667 0.31192661]
 [0.27452114 0.27604167 0.27158156]]
0.2760416666666667
hidden units: 14
[[0.37837838 0.29166667 0.32941176]
 [0.14285714 0.14583333 0.1443299 ]
 [0.19607843 0.20833333 0.2020202 ]
 [0.27272727 0.3125     0.29126214]
 [0.24751031 0.23958333 0.241756  ]]
0.23958333333333334
hidden units: 15
[[0.22580645 0.14583333 0.17721519]
 [0.19607843 0.20833333 0.2020202 ]
 [0.26666667 0.33333333 0.2962963 ]
 [0.38       0.39583333 0.3877551 ]
 [0.26713789 0.27083333 0.2658217 ]]
0.2708333333333333
hidden units: 16
[[0.29032258 0.1875     0.2278481 ]
 [0.19672131 0.25       0.22018349]
 [0.26086957 0.25       0.25531915]
 [0.27777778 0.3125     0.29411765]
 [0.25642281 0.25       0.2493671 ]]
0.25
hidden units: 17
[[0.20588235 0.14583333 0.17073171]
 [0.1627907  0.14583333 0.15384615]
 [0.22807018 0.27083333 0.24761905]
 [0.32758621 0.39583333 0.35849057]
 [0.23108236 0.23958333 0.23267187]]
0.23958333333333334
hidden units: 18
[[0.2195122  0.1875     0.20224719]
 [0.22222222 0.20833333 0.21505376]
 [0.29824561 0.35416667 0.32380952]
 [0.30612245 0.3125     0.30927835]
 [0.26152562 0.265625   0.26259721]]
0.265625
hidden units: 19
[[0.20512821 0.16666667 0.18390805]
 [0.2195122  0.1875     0.20224719]
 [0.32258065 0.41666667 0.36363636]
 [0.28       0.29166667 0.28571429]
 [0.25680526 0.265625   0.25887647]]
0.265625
accuracy list: 
[0.28125, 0.265625, 0.265625, 0.28125, 0.2916666666666667, 0.2708333333333333, 0.25, 0.20833333333333334, 0.265625, 0.2916666666666667, 0.28125, 0.28125, 0.2760416666666667, 0.23958333333333334, 0.2708333333333333, 0.25, 0.23958333333333334, 0.265625, 0.265625]
time cost list: 
[1.2991769313812256, 2.566828966140747, 3.8878676891326904, 5.323654890060425, 6.941063165664673, 8.673693895339966, 10.150947093963623, 12.53315806388855, 14.185576915740967, 18.25396203994751, 20.762452125549316, 23.196399211883545, 23.323991060256958, 25.242552280426025, 27.17896294593811, 31.391199111938477, 34.07276487350464, 34.77218317985535, 38.603737115859985]
