All features 
LDA: false  
hidden units: 1
[[0.175      0.14583333 0.15909091]
 [0.20754717 0.22916667 0.21782178]
 [0.30188679 0.33333333 0.31683168]
 [0.32608696 0.3125     0.31914894]
 [0.25263023 0.25520833 0.25322333]]
0.2552083333333333
hidden units: 2
[[0.23076923 0.1875     0.20689655]
 [0.20454545 0.1875     0.19565217]
 [0.33870968 0.4375     0.38181818]
 [0.27659574 0.27083333 0.27368421]
 [0.26265503 0.27083333 0.26451278]]
0.2708333333333333
hidden units: 3
[[0.30769231 0.16666667 0.21621622]
 [0.2037037  0.22916667 0.21568627]
 [0.35714286 0.41666667 0.38461538]
 [0.30357143 0.35416667 0.32692308]
 [0.29302757 0.29166667 0.28586024]]
0.2916666666666667
hidden units: 4
[[0.27586207 0.16666667 0.20779221]
 [0.26086957 0.25       0.25531915]
 [0.32857143 0.47916667 0.38983051]
 [0.27659574 0.27083333 0.27368421]
 [0.2854747  0.29166667 0.28165652]]
0.2916666666666667
hidden units: 5
[[0.23333333 0.14583333 0.17948718]
 [0.1875     0.1875     0.1875    ]
 [0.29411765 0.41666667 0.34482759]
 [0.2826087  0.27083333 0.27659574]
 [0.24938992 0.25520833 0.24710263]]
0.2552083333333333
hidden units: 6
[[0.19444444 0.14583333 0.16666667]
 [0.1875     0.1875     0.1875    ]
 [0.34482759 0.41666667 0.37735849]
 [0.32       0.33333333 0.32653061]
 [0.26169301 0.27083333 0.26451394]]
0.2708333333333333
hidden units: 7
[[0.2745098  0.29166667 0.28282828]
 [0.27083333 0.27083333 0.27083333]
 [0.24137931 0.29166667 0.26415094]
 [0.34285714 0.25       0.28915663]
 [0.2823949  0.27604167 0.2767423 ]]
0.2760416666666667
hidden units: 8
[[0.22857143 0.16666667 0.19277108]
 [0.21052632 0.16666667 0.18604651]
 [0.24590164 0.3125     0.27522936]
 [0.31034483 0.375      0.33962264]
 [0.24883605 0.25520833 0.2484174 ]]
0.2552083333333333
hidden units: 9
[[0.24324324 0.1875     0.21176471]
 [0.28947368 0.22916667 0.25581395]
 [0.33333333 0.39583333 0.36190476]
 [0.23333333 0.29166667 0.25925926]
 [0.2748459  0.27604167 0.27218567]]
0.2760416666666667
hidden units: 10
[[0.30769231 0.25       0.27586207]
 [0.22222222 0.20833333 0.21505376]
 [0.32142857 0.375      0.34615385]
 [0.25       0.27083333 0.26      ]
 [0.27533578 0.27604167 0.27426742]]
0.2760416666666667
hidden units: 11
[[0.25806452 0.16666667 0.20253165]
 [0.2        0.20833333 0.20408163]
 [0.34       0.35416667 0.34693878]
 [0.29508197 0.375      0.33027523]
 [0.27328662 0.27604167 0.27095682]]
0.2760416666666667
hidden units: 12
[[0.20588235 0.14583333 0.17073171]
 [0.18604651 0.16666667 0.17582418]
 [0.24074074 0.27083333 0.25490196]
 [0.29508197 0.375      0.33027523]
 [0.23193789 0.23958333 0.23293327]]
0.23958333333333334
hidden units: 13
[[0.25       0.20833333 0.22727273]
 [0.19444444 0.14583333 0.16666667]
 [0.24074074 0.27083333 0.25490196]
 [0.33870968 0.4375     0.38181818]
 [0.25597372 0.265625   0.25766488]]
0.265625
hidden units: 14
[[0.18918919 0.14583333 0.16470588]
 [0.14545455 0.16666667 0.15533981]
 [0.32692308 0.35416667 0.34      ]
 [0.3125     0.3125     0.3125    ]
 [0.2435167  0.24479167 0.24313642]]
0.24479166666666666
hidden units: 15
[[0.3030303  0.20833333 0.24691358]
 [0.15909091 0.14583333 0.15217391]
 [0.26       0.27083333 0.26530612]
 [0.27692308 0.375      0.31858407]
 [0.24976107 0.25       0.24574442]]
0.25
hidden units: 16
[[0.2        0.14583333 0.1686747 ]
 [0.2195122  0.1875     0.20224719]
 [0.33898305 0.41666667 0.37383178]
 [0.24561404 0.29166667 0.26666667]
 [0.25102732 0.26041667 0.25285508]]
0.2604166666666667
hidden units: 17
[[0.25806452 0.16666667 0.20253165]
 [0.23636364 0.27083333 0.25242718]
 [0.35185185 0.39583333 0.37254902]
 [0.38461538 0.41666667 0.4       ]
 [0.30772385 0.3125     0.30687696]]
0.3125
hidden units: 18
[[0.21875    0.14583333 0.175     ]
 [0.16666667 0.16666667 0.16666667]
 [0.20754717 0.22916667 0.21782178]
 [0.27118644 0.33333333 0.29906542]
 [0.21603757 0.21875    0.21463847]]
0.21875
hidden units: 19
[[0.23529412 0.16666667 0.19512195]
 [0.21428571 0.1875     0.2       ]
 [0.2295082  0.29166667 0.25688073]
 [0.36363636 0.41666667 0.38834951]
 [0.2606811  0.265625   0.26008805]]
0.265625
accuracy list: 
[0.2552083333333333, 0.2708333333333333, 0.2916666666666667, 0.2916666666666667, 0.2552083333333333, 0.2708333333333333, 0.2760416666666667, 0.2552083333333333, 0.2760416666666667, 0.2760416666666667, 0.2760416666666667, 0.23958333333333334, 0.265625, 0.24479166666666666, 0.25, 0.2604166666666667, 0.3125, 0.21875, 0.265625]
time cost list: 
[1.5809462070465088, 2.760232925415039, 3.6462371349334717, 5.346998929977417, 6.590315103530884, 8.39188027381897, 10.416169881820679, 13.139046907424927, 15.229297876358032, 17.669178009033203, 21.6141140460968, 20.370625972747803, 24.674994945526123, 27.906471729278564, 27.881996154785156, 31.892899990081787, 29.79764413833618, 33.469099044799805, 36.19469594955444]
