All features + Casper
GA: True  

Hidden units: 1
Evolution finish
[0.32291666666666663, 0.3255208333333333, 0.3177083333333333, 0.30924479166666663, 0.3067708333333333, 0.30833333333333335, 0.3140625, 0.3182291666666667, 0.3223958333333333, 0.32916666666666666, 0.33177083333333335, 0.33177083333333335, 0.3354166666666667, 0.3364583333333334, 0.3364583333333334, 0.3390625, 0.34427083333333336, 0.34427083333333336, 0.3484375, 0.3494791666666667, 0.3494791666666667, 0.3494791666666667, 0.3494791666666667]
('[1 0 1 1 0 1 1 1 0 1 0 0 0 1 0 0 1 0 1 0 0 0 0 1 1 1 1 1 1 0 1 0 0 1 1 1 1\n 1 1 1 1 1 1 1 0 0 0 0 1 1 0 0 1 0 0 1 0 1 1 1 0 1 1 1 1 0 1 0 1 0 1 0 0 1\n 1 1 1 1 1 1 1 0 0 1 1]', 0.3697916666666667)
[[0.42424242 0.29166667 0.34567901]
 [0.32727273 0.375      0.34951456]
 [0.30769231 0.25       0.27586207]
 [0.41538462 0.5625     0.47787611]
 [0.36864802 0.36979167 0.36223294]]
Number of features: 
52
Time: 276.922945022583

Hidden Unit: 2
Evolution finish
[0.29947916666666663, 0.2942708333333333, 0.2942708333333333, 0.3001302083333333, 0.30104166666666665, 0.3072916666666667, 0.3088541666666667, 0.3088541666666667, 0.3125, 0.3182291666666667, 0.32187499999999997, 0.32187499999999997, 0.32447916666666665, 0.32499999999999996, 0.32499999999999996, 0.33072916666666663, 0.33177083333333335, 0.3354166666666667, 0.3380208333333333, 0.3380208333333333, 0.3380208333333333, 0.3380208333333333]
('[0 0 1 0 0 1 1 0 0 0 1 1 0 1 0 1 0 1 1 1 1 1 0 0 0 0 0 0 1 0 0 0 1 0 0 0 0\n 1 0 1 0 1 1 0 1 1 0 0 0 0 1 0 1 0 1 1 1 1 0 0 0 1 0 1 1 0 0 1 0 0 1 1 0 0\n 0 1 1 0 1 1 0 1 0 0 0]', 0.3645833333333333)
[[0.39285714 0.22916667 0.28947368]
 [0.36170213 0.35416667 0.35789474]
 [0.30769231 0.41666667 0.3539823 ]
 [0.42307692 0.45833333 0.44      ]
 [0.37133213 0.36458333 0.36033768]]
Number of features: 
37
Time: 586.9600238800049

Hidden Unit: 3
Evolution finish
[0.3098958333333333, 0.32421875, 0.3185763888888889, 0.31901041666666663, 0.32291666666666663, 0.328125, 0.33125, 0.3317708333333333, 0.334375, 0.3359375, 0.33854166666666663, 0.33958333333333335, 0.3427083333333333, 0.3479166666666667, 0.3494791666666667, 0.3505208333333334, 0.3526041666666667, 0.3526041666666667, 0.3526041666666667, 0.353125]
('[1 0 0 0 0 1 1 1 0 0 0 1 0 1 1 1 0 1 0 0 1 0 0 0 1 0 0 1 1 0 1 1 0 0 0 1 1\n 1 1 0 1 0 1 1 0 1 0 1 1 0 0 1 0 1 1 0 1 0 1 0 0 0 0 1 1 1 1 1 0 0 0 1 1 0\n 0 1 1 1 0 0 1 1 1 1 1]', 0.3645833333333333)
[[0.22222222 0.16666667 0.19047619]
 [0.40740741 0.45833333 0.43137255]
 [0.34920635 0.45833333 0.3963964 ]
 [0.46153846 0.375      0.4137931 ]
 [0.36009361 0.36458333 0.35800956]]
Number of features: 
45
Time: 787.3455600738525

Hidden Unit: 4
Evolution finish
[0.31510416666666663, 0.30729166666666663, 0.2986111111111111, 0.29752604166666663, 0.3020833333333333, 0.31197916666666664, 0.3203125, 0.321875, 0.321875, 0.321875, 0.3239583333333333, 0.3260416666666666, 0.33072916666666663, 0.33229166666666665, 0.33229166666666665, 0.3348958333333333, 0.3348958333333333, 0.3348958333333333, 0.3348958333333333]
('[1 0 1 0 1 0 1 0 1 0 0 0 0 0 1 0 1 1 1 0 0 1 0 0 0 1 0 0 0 1 1 0 0 1 0 0 1\n 1 1 0 1 0 1 1 1 1 0 1 1 0 0 0 1 1 0 1 1 0 0 0 1 0 1 0 0 0 0 1 1 1 1 1 0 1\n 0 1 0 0 0 0 1 0 0 1 1]', 0.34375)
[[0.31764706 0.5625     0.40601504]
 [0.25925926 0.14583333 0.18666667]
 [0.34285714 0.25       0.28915663]
 [0.44444444 0.41666667 0.43010753]
 [0.34105198 0.34375    0.32798646]]
Number of features: 
40
Time: 764.1132071018219

Hidden Unit: 5
Evolution finish
[0.33072916666666663, 0.3372395833333333, 0.3220486111111111, 0.31640625, 0.31197916666666664, 0.31770833333333337, 0.32031250000000006, 0.3244791666666667, 0.3244791666666667, 0.32812500000000006, 0.33281250000000007, 0.3338541666666667, 0.3338541666666667, 0.33593750000000006, 0.33593750000000006, 0.33645833333333336, 0.3401041666666667, 0.3401041666666667, 0.3401041666666667, 0.3401041666666667]
('[1 0 0 0 1 0 1 0 0 0 1 0 1 0 1 1 1 1 0 0 1 1 0 1 1 0 0 0 1 0 0 0 0 1 1 0 0\n 1 1 1 0 1 0 0 1 0 0 0 0 0 1 0 1 0 1 0 1 0 1 0 1 0 0 1 1 1 1 1 1 0 0 0 1 1\n 0 0 0 0 0 0 1 0 1 0 1]', 0.359375)
[[0.31746032 0.41666667 0.36036036]
 [0.25       0.22916667 0.23913043]
 [0.54285714 0.39583333 0.45783133]
 [0.38       0.39583333 0.3877551 ]
 [0.37257937 0.359375   0.36126931]]
Number of features: 
38
Time: 1164.573501110077

Hidden Unit: 6
Evolution finish
[0.31770833333333337, 0.3151041666666667, 0.3168402777777778, 0.31575520833333337, 0.3171875, 0.31875, 0.3208333333333333, 0.3223958333333333, 0.32708333333333334, 0.33072916666666663, 0.33072916666666663, 0.33229166666666665, 0.33229166666666665, 0.33229166666666665, 0.33229166666666665]
('[1 1 1 0 1 0 1 0 0 0 0 0 1 0 1 1 0 0 0 0 1 0 0 0 0 0 0 0 0 1 0 1 1 0 0 0 1\n 0 1 0 1 1 0 1 0 1 1 1 0 0 1 0 0 1 1 1 1 0 1 0 0 1 0 1 1 0 0 1 1 1 0 1 0 1\n 1 0 1 1 0 1 1 0 0 1 0]', 0.34375)
[[0.33846154 0.45833333 0.38938053]
 [0.33333333 0.33333333 0.33333333]
 [0.3902439  0.33333333 0.35955056]
 [0.31578947 0.25       0.27906977]
 [0.34445706 0.34375    0.34033355]]
Number of features: 
40
Time: 1184.9675090312958

Hidden Unit: 7
Evolution finish
[0.30989583333333337, 0.3072916666666667, 0.3038194444444445, 0.31184895833333337, 0.3104166666666667, 0.3125, 0.32187499999999997, 0.32187499999999997, 0.32499999999999996, 0.32499999999999996, 0.3286458333333333, 0.33124999999999993, 0.3328125, 0.3328125, 0.3328125, 0.3328125]
('[1 0 0 0 0 0 0 0 1 0 1 1 0 1 1 1 0 1 0 1 1 0 0 1 0 0 0 0 0 1 1 0 1 1 1 1 1\n 0 0 1 1 1 1 0 0 1 0 0 0 1 1 0 1 1 0 1 1 0 0 0 1 1 1 1 0 0 0 0 0 0 1 1 1 0\n 1 1 0 1 1 0 0 0 0 1 0]', 0.359375)
[[0.36708861 0.60416667 0.45669291]
 [0.27272727 0.1875     0.22222222]
 [0.38636364 0.35416667 0.36956522]
 [0.38888889 0.29166667 0.33333333]
 [0.3537671  0.359375   0.34545342]]
Number of features: 
41
Time: 1371.4538991451263

Hidden Unit: 8
Evolution finish
[0.31510416666666663, 0.3177083333333333, 0.30902777777777773, 0.31315104166666663, 0.3114583333333333, 0.3130208333333333, 0.3239583333333333, 0.3260416666666667, 0.3260416666666667, 0.3260416666666667, 0.33124999999999993, 0.33124999999999993, 0.33281249999999996, 0.3338541666666667, 0.33749999999999997, 0.33906249999999993, 0.34010416666666665, 0.34062499999999996, 0.3416666666666667, 0.3416666666666667, 0.3416666666666667, 0.3416666666666667]
('[1 1 1 1 0 1 1 1 0 0 0 1 1 0 1 0 1 1 1 0 1 1 0 1 0 1 1 1 0 1 1 0 1 0 0 0 0\n 0 1 1 1 0 1 0 0 0 0 1 1 0 1 1 1 1 0 0 0 0 0 0 0 0 0 0 1 0 1 1 0 0 0 1 0 1\n 0 1 0 0 0 1 1 1 1 0 0]', 0.3697916666666667)
[[0.42424242 0.29166667 0.34567901]
 [0.29230769 0.39583333 0.33628319]
 [0.35087719 0.41666667 0.38095238]
 [0.48648649 0.375      0.42352941]
 [0.38847845 0.36979167 0.371611  ]]
Number of features: 
42
Time: 2849.0611810684204

Hidden Unit: 9
Evolution finish
[0.3098958333333333, 0.32031249999999994, 0.3177083333333333, 0.3203125, 0.3140625, 0.3166666666666667, 0.32135416666666666, 0.3255208333333333, 0.3260416666666667, 0.3270833333333333, 0.3270833333333333, 0.3270833333333333, 0.3270833333333333]
('[1 0 1 0 1 0 0 0 1 0 0 1 0 0 1 1 0 0 0 1 0 1 0 1 1 0 1 1 0 0 0 1 1 0 0 1 1\n 1 1 1 1 1 1 1 0 0 1 0 0 0 0 0 0 1 1 0 1 1 0 0 1 0 1 1 0 0 1 1 1 0 1 1 0 0\n 1 1 1 0 0 1 1 1 0 1 0]', 0.3489583333333333)
[[0.26315789 0.20833333 0.23255814]
 [0.42222222 0.39583333 0.40860215]
 [0.29166667 0.4375     0.35      ]
 [0.45945946 0.35416667 0.4       ]
 [0.35912656 0.34895833 0.34779007]]
Number of features: 
44
Time: 1656.9320800304413

Hidden Unit: 10
Evolution finish
[0.30729166666666663, 0.3072916666666667, 0.32031250000000006, 0.3170572916666667, 0.3125, 0.31666666666666665, 0.3171875, 0.32031249999999994, 0.32031249999999994, 0.32031249999999994, 0.3234375, 0.3234375, 0.3255208333333333, 0.3286458333333333, 0.3286458333333333, 0.3302083333333333, 0.3302083333333333, 0.3302083333333333, 0.3302083333333333]
('[0 0 1 0 0 1 0 0 1 1 1 1 1 0 0 0 0 1 1 0 1 0 0 0 1 0 0 0 0 1 1 1 0 1 1 0 0\n 1 1 1 1 1 1 0 0 0 1 1 0 0 1 1 1 1 0 1 1 1 1 0 1 0 0 0 1 0 0 1 0 1 1 1 0 1\n 0 0 1 1 0 1 0 0 0 0 1]', 0.3541666666666667)
[[0.38461538 0.41666667 0.4       ]
 [0.46153846 0.25       0.32432432]
 [0.30188679 0.33333333 0.31683168]
 [0.32786885 0.41666667 0.36697248]
 [0.36897737 0.35416667 0.35203212]]
Number of features: 
43
Time: 2952.2396721839905

















