All features 
LDA: true  
hidden units: 1
[[0.34848485 0.47916667 0.40350877]
 [0.         0.         0.        ]
 [0.21568627 0.22916667 0.22222222]
 [0.5        0.70833333 0.5862069 ]
 [0.26604278 0.35416667 0.30298447]]
0.3541666666666667
hidden units: 2
[[0.40740741 0.6875     0.51162791]
 [0.         0.         0.        ]
 [0.13888889 0.10416667 0.11904762]
 [0.54929577 0.8125     0.65546218]
 [0.27389802 0.40104167 0.32153443]]
0.4010416666666667
hidden units: 3
[[0.33333333 0.41666667 0.37037037]
 [0.27586207 0.16666667 0.20779221]
 [0.18367347 0.1875     0.18556701]
 [0.48148148 0.54166667 0.50980392]
 [0.31858759 0.328125   0.31838338]]
0.328125
hidden units: 4
[[0.35211268 0.52083333 0.42016807]
 [0.5        0.08333333 0.14285714]
 [0.18604651 0.16666667 0.17582418]
 [0.54285714 0.79166667 0.6440678 ]
 [0.39525408 0.390625   0.3457293 ]]
0.390625
hidden units: 5
[[0.41975309 0.70833333 0.52713178]
 [0.5        0.10416667 0.17241379]
 [0.23809524 0.20833333 0.22222222]
 [0.61016949 0.75       0.6728972 ]
 [0.44200445 0.44270833 0.39866625]]
0.4427083333333333
hidden units: 6
[[0.28571429 0.33333333 0.30769231]
 [0.35714286 0.20833333 0.26315789]
 [0.14285714 0.125      0.13333333]
 [0.53030303 0.72916667 0.61403509]
 [0.32900433 0.34895833 0.32955466]]
0.3489583333333333
hidden units: 7
[[0.32786885 0.41666667 0.36697248]
 [0.20833333 0.10416667 0.13888889]
 [0.20833333 0.20833333 0.20833333]
 [0.45762712 0.5625     0.5046729 ]
 [0.30054066 0.32291667 0.3047169 ]]
0.3229166666666667
hidden units: 8
[[0.38709677 0.5        0.43636364]
 [0.18518519 0.10416667 0.13333333]
 [0.15555556 0.14583333 0.15053763]
 [0.55172414 0.66666667 0.60377358]
 [0.31989041 0.35416667 0.33100205]]
0.3541666666666667
hidden units: 9
[[0.38636364 0.35416667 0.36956522]
 [0.13333333 0.08333333 0.1025641 ]
 [0.15384615 0.16666667 0.16      ]
 [0.53030303 0.72916667 0.61403509]
 [0.30096154 0.33333333 0.3115411 ]]
0.3333333333333333
hidden units: 10
[[0.36734694 0.375      0.37113402]
 [0.25714286 0.1875     0.21686747]
 [0.15384615 0.16666667 0.16      ]
 [0.60714286 0.70833333 0.65384615]
 [0.3463697  0.359375   0.35046191]]
0.359375
hidden units: 11
[[0.28070175 0.33333333 0.3047619 ]
 [0.2972973  0.22916667 0.25882353]
 [0.29411765 0.3125     0.3030303 ]
 [0.42553191 0.41666667 0.42105263]
 [0.32441215 0.32291667 0.32191709]]
0.3229166666666667
hidden units: 12
[[0.5        0.52083333 0.51020408]
 [0.33333333 0.22916667 0.27160494]
 [0.27272727 0.3125     0.29126214]
 [0.51851852 0.58333333 0.54901961]
 [0.40614478 0.41145833 0.40552269]]
0.4114583333333333
hidden units: 13
[[0.26229508 0.33333333 0.29357798]
 [0.31034483 0.1875     0.23376623]
 [0.3125     0.3125     0.3125    ]
 [0.59259259 0.66666667 0.62745098]
 [0.36943313 0.375      0.3668238 ]]
0.375
hidden units: 14
[[0.3        0.3125     0.30612245]
 [0.11428571 0.08333333 0.09638554]
 [0.27272727 0.3125     0.29126214]
 [0.53846154 0.58333333 0.56      ]
 [0.30636863 0.32291667 0.31344253]]
0.3229166666666667
hidden units: 15
[[0.21818182 0.25       0.23300971]
 [0.4137931  0.25       0.31168831]
 [0.16363636 0.1875     0.17475728]
 [0.54716981 0.60416667 0.57425743]
 [0.33569527 0.32291667 0.32342818]]
0.3229166666666667
hidden units: 16
[[0.35714286 0.3125     0.33333333]
 [0.18181818 0.08333333 0.11428571]
 [0.25862069 0.3125     0.28301887]
 [0.48571429 0.70833333 0.57627119]
 [0.320824   0.35416667 0.32672728]]
0.3541666666666667
hidden units: 17
[[0.36585366 0.3125     0.33707865]
 [0.21212121 0.14583333 0.17283951]
 [0.26229508 0.33333333 0.29357798]
 [0.52631579 0.625      0.57142857]
 [0.34164644 0.35416667 0.34373118]]
0.3541666666666667
hidden units: 18
[[0.28846154 0.3125     0.3       ]
 [0.37931034 0.22916667 0.28571429]
 [0.21052632 0.25       0.22857143]
 [0.55555556 0.625      0.58823529]
 [0.35846344 0.35416667 0.35063025]]
0.3541666666666667
hidden units: 19
[[0.39655172 0.47916667 0.43396226]
 [0.25       0.20833333 0.22727273]
 [0.17777778 0.16666667 0.17204301]
 [0.53061224 0.54166667 0.53608247]
 [0.33873544 0.34895833 0.34234012]]
0.3489583333333333
accuracy list: 
[0.3541666666666667, 0.4010416666666667, 0.328125, 0.390625, 0.4427083333333333, 0.3489583333333333, 0.3229166666666667, 0.3541666666666667, 0.3333333333333333, 0.359375, 0.3229166666666667, 0.4114583333333333, 0.375, 0.3229166666666667, 0.3229166666666667, 0.3541666666666667, 0.3541666666666667, 0.3541666666666667, 0.3489583333333333]
time cost list: 
[0.532127857208252, 1.1368587017059326, 1.9640400409698486, 2.8113598823547363, 3.930021286010742, 6.014557838439941, 7.233998775482178, 10.035168170928955, 12.150280952453613, 14.91687297821045, 17.972028970718384, 21.18556022644043, 25.28315305709839, 28.715656995773315, 32.92070984840393, 41.46645188331604, 41.82049012184143, 44.252591133117676, 49.65838599205017]
