All features 
LDA: False  
hidden units: 1
[[0.32352941 0.22916667 0.26829268]
 [0.22580645 0.29166667 0.25454545]
 [0.31481481 0.35416667 0.33333333]
 [0.30952381 0.27083333 0.28888889]
 [0.29341862 0.28645833 0.28626509]]
0.2864583333333333
hidden units: 2
[[0.20588235 0.14583333 0.17073171]
 [0.17021277 0.16666667 0.16842105]
 [0.29230769 0.39583333 0.33628319]
 [0.32608696 0.3125     0.31914894]
 [0.24862244 0.25520833 0.24864622]]
0.2552083333333333
hidden units: 3
[[0.34210526 0.27083333 0.30232558]
 [0.2        0.1875     0.19354839]
 [0.296875   0.39583333 0.33928571]
 [0.31111111 0.29166667 0.30107527]
 [0.28752284 0.28645833 0.28405874]]
0.2864583333333333
hidden units: 4
[[0.40540541 0.3125     0.35294118]
 [0.2        0.14583333 0.1686747 ]
 [0.30985915 0.45833333 0.3697479 ]
 [0.30612245 0.3125     0.30927835]
 [0.30534675 0.30729167 0.30016053]]
0.3072916666666667
hidden units: 5
[[0.19230769 0.10416667 0.13513514]
 [0.22727273 0.20833333 0.2173913 ]
 [0.24615385 0.33333333 0.28318584]
 [0.28070175 0.33333333 0.3047619 ]
 [0.23660901 0.24479167 0.23511855]]
0.24479166666666666
hidden units: 6
[[0.19444444 0.14583333 0.16666667]
 [0.2238806  0.3125     0.26086957]
 [0.27083333 0.27083333 0.27083333]
 [0.29268293 0.25       0.26966292]
 [0.24546033 0.24479167 0.24200812]]
0.24479166666666666
hidden units: 7
[[0.25581395 0.22916667 0.24175824]
 [0.13636364 0.125      0.13043478]
 [0.31372549 0.33333333 0.32323232]
 [0.25925926 0.29166667 0.2745098 ]
 [0.24129058 0.24479167 0.24248379]]
0.24479166666666666
hidden units: 8
[[0.27659574 0.27083333 0.27368421]
 [0.19512195 0.16666667 0.17977528]
 [0.25862069 0.3125     0.28301887]
 [0.32608696 0.3125     0.31914894]
 [0.26410634 0.265625   0.26390682]]
0.265625
hidden units: 9
[[0.24444444 0.22916667 0.23655914]
 [0.22727273 0.20833333 0.2173913 ]
 [0.25925926 0.29166667 0.2745098 ]
 [0.2244898  0.22916667 0.22680412]
 [0.23886656 0.23958333 0.23881609]]
0.23958333333333334
hidden units: 10
[[0.21428571 0.1875     0.2       ]
 [0.25581395 0.22916667 0.24175824]
 [0.26785714 0.3125     0.28846154]
 [0.39215686 0.41666667 0.4040404 ]
 [0.28252842 0.28645833 0.28356505]]
0.2864583333333333
hidden units: 11
[[0.36363636 0.25       0.2962963 ]
 [0.2173913  0.20833333 0.21276596]
 [0.31818182 0.4375     0.36842105]
 [0.29787234 0.29166667 0.29473684]
 [0.29927046 0.296875   0.29305504]]
0.296875
hidden units: 12
[[0.24137931 0.14583333 0.18181818]
 [0.23404255 0.22916667 0.23157895]
 [0.29032258 0.375      0.32727273]
 [0.35185185 0.39583333 0.37254902]
 [0.27939907 0.28645833 0.27830472]]
0.2864583333333333
hidden units: 13
[[0.46875    0.3125     0.375     ]
 [0.18367347 0.1875     0.18556701]
 [0.35294118 0.375      0.36363636]
 [0.33333333 0.41666667 0.37037037]
 [0.33467449 0.32291667 0.32364344]]
0.3229166666666667
hidden units: 14
[[0.26923077 0.14583333 0.18918919]
 [0.21153846 0.22916667 0.22      ]
 [0.21818182 0.25       0.23300971]
 [0.23728814 0.29166667 0.26168224]
 [0.2340598  0.22916667 0.22597029]]
0.22916666666666666
hidden units: 15
[[0.33333333 0.29166667 0.31111111]
 [0.25490196 0.27083333 0.26262626]
 [0.30769231 0.33333333 0.32      ]
 [0.36170213 0.35416667 0.35789474]
 [0.31440743 0.3125     0.31290803]]
0.3125
hidden units: 16
[[0.26470588 0.1875     0.2195122 ]
 [0.22580645 0.29166667 0.25454545]
 [0.23255814 0.20833333 0.21978022]
 [0.30188679 0.33333333 0.31683168]
 [0.25623932 0.25520833 0.25266739]]
0.2552083333333333
hidden units: 17
[[0.28205128 0.22916667 0.25287356]
 [0.27272727 0.25       0.26086957]
 [0.25490196 0.27083333 0.26262626]
 [0.29310345 0.35416667 0.32075472]
 [0.27569599 0.27604167 0.27428103]]
0.2760416666666667
hidden units: 18
[[0.19512195 0.16666667 0.17977528]
 [0.19642857 0.22916667 0.21153846]
 [0.25925926 0.29166667 0.2745098 ]
 [0.17073171 0.14583333 0.15730337]
 [0.20538537 0.20833333 0.20578173]]
0.20833333333333334
hidden units: 19
[[0.42424242 0.29166667 0.34567901]
 [0.19047619 0.16666667 0.17777778]
 [0.27272727 0.3125     0.29126214]
 [0.35483871 0.45833333 0.4       ]
 [0.31057115 0.30729167 0.30367973]]
0.3072916666666667
accuracy list: 
[0.2864583333333333, 0.2552083333333333, 0.2864583333333333, 0.3072916666666667, 0.24479166666666666, 0.24479166666666666, 0.24479166666666666, 0.265625, 0.23958333333333334, 0.2864583333333333, 0.296875, 0.2864583333333333, 0.3229166666666667, 0.22916666666666666, 0.3125, 0.2552083333333333, 0.2760416666666667, 0.20833333333333334, 0.3072916666666667]
time cost list: 
[1.4000499248504639, 2.6722769737243652, 3.8374977111816406, 5.12883186340332, 6.509996175765991, 8.236436367034912, 11.034929990768433, 15.597494840621948, 18.568576097488403, 24.100902795791626, 23.71851873397827, 24.553786039352417, 24.528050899505615, 27.390520095825195, 30.364903926849365, 32.033998012542725, 34.40925908088684, 41.11071300506592, 38.62831211090088]
