All features 
LDA: true  
hidden units: 1
[[0.27868852 0.35416667 0.31192661]
 [0.33333333 0.08333333 0.13333333]
 [0.07692308 0.08333333 0.08      ]
 [0.56716418 0.79166667 0.66086957]
 [0.31402728 0.328125   0.29653238]]
0.328125
hidden units: 2
[[0.4        0.54166667 0.46017699]
 [0.46666667 0.14583333 0.22222222]
 [0.19148936 0.1875     0.18947368]
 [0.6        0.8125     0.69026549]
 [0.41453901 0.421875   0.3905346 ]]
0.421875
hidden units: 3
[[0.31034483 0.375      0.33962264]
 [0.25       0.10416667 0.14705882]
 [0.08695652 0.08333333 0.08510638]
 [0.5        0.70833333 0.5862069 ]
 [0.28682534 0.31770833 0.28949869]]
0.3177083333333333
hidden units: 4
[[0.41818182 0.47916667 0.44660194]
 [0.0952381  0.04166667 0.05797101]
 [0.3        0.3125     0.30612245]
 [0.45454545 0.625      0.52631579]
 [0.31699134 0.36458333 0.3342528 ]]
0.3645833333333333
hidden units: 5
[[0.35714286 0.52083333 0.42372881]
 [0.5        0.27083333 0.35135135]
 [0.26666667 0.25       0.25806452]
 [0.54901961 0.58333333 0.56565657]
 [0.41820728 0.40625    0.39970031]]
0.40625
hidden units: 6
[[0.43939394 0.60416667 0.50877193]
 [0.27777778 0.10416667 0.15151515]
 [0.15909091 0.14583333 0.15217391]
 [0.53125    0.70833333 0.60714286]
 [0.35187816 0.390625   0.35490096]]
0.390625
hidden units: 7
[[0.36363636 0.41666667 0.38834951]
 [0.16129032 0.10416667 0.12658228]
 [0.22641509 0.25       0.23762376]
 [0.58490566 0.64583333 0.61386139]
 [0.33406186 0.35416667 0.34160424]]
0.3541666666666667
hidden units: 8
[[0.30952381 0.27083333 0.28888889]
 [0.34285714 0.25       0.28915663]
 [0.21153846 0.22916667 0.22      ]
 [0.47619048 0.625      0.54054054]
 [0.33502747 0.34375    0.33464651]]
0.34375
hidden units: 9
[[0.39285714 0.45833333 0.42307692]
 [0.2        0.10416667 0.1369863 ]
 [0.2745098  0.29166667 0.28282828]
 [0.3        0.375      0.33333333]
 [0.29184174 0.30729167 0.29405621]]
0.3072916666666667
hidden units: 10
[[0.34042553 0.33333333 0.33684211]
 [0.13636364 0.0625     0.08571429]
 [0.21538462 0.29166667 0.24778761]
 [0.48275862 0.58333333 0.52830189]
 [0.2937331  0.31770833 0.29966147]]
0.3177083333333333
hidden units: 11
[[0.30357143 0.35416667 0.32692308]
 [0.34375    0.22916667 0.275     ]
 [0.21276596 0.20833333 0.21052632]
 [0.49122807 0.58333333 0.53333333]
 [0.33782886 0.34375    0.33644568]]
0.34375
hidden units: 12
[[0.27692308 0.375      0.31858407]
 [0.26666667 0.16666667 0.20512821]
 [0.25       0.22916667 0.23913043]
 [0.41509434 0.45833333 0.43564356]
 [0.30217102 0.30729167 0.29962157]]
0.3072916666666667
hidden units: 13
[[0.30645161 0.39583333 0.34545455]
 [0.31428571 0.22916667 0.26506024]
 [0.19047619 0.16666667 0.17777778]
 [0.52830189 0.58333333 0.55445545]
 [0.33487885 0.34375    0.335687  ]]
0.34375
hidden units: 14
[[0.37254902 0.39583333 0.38383838]
 [0.25       0.16666667 0.2       ]
 [0.14       0.14583333 0.14285714]
 [0.49152542 0.60416667 0.54205607]
 [0.31351861 0.328125   0.3171879 ]]
0.328125
hidden units: 15
[[0.35714286 0.41666667 0.38461538]
 [0.2        0.125      0.15384615]
 [0.25862069 0.3125     0.28301887]
 [0.60416667 0.60416667 0.60416667]
 [0.35498255 0.36458333 0.35641177]]
0.3645833333333333
hidden units: 16
[[0.38888889 0.4375     0.41176471]
 [0.26829268 0.22916667 0.24719101]
 [0.34042553 0.33333333 0.33684211]
 [0.58       0.60416667 0.59183673]
 [0.39440178 0.40104167 0.39690864]]
0.4010416666666667
hidden units: 17
[[0.475      0.39583333 0.43181818]
 [0.24       0.125      0.16438356]
 [0.30357143 0.35416667 0.32692308]
 [0.47887324 0.70833333 0.57142857]
 [0.37436117 0.39583333 0.37363835]]
0.3958333333333333
hidden units: 18
[[0.32142857 0.375      0.34615385]
 [0.28571429 0.20833333 0.24096386]
 [0.25806452 0.33333333 0.29090909]
 [0.64102564 0.52083333 0.57471264]
 [0.37655825 0.359375   0.36318486]]
0.359375
hidden units: 19
[[0.3        0.3125     0.30612245]
 [0.13157895 0.10416667 0.11627907]
 [0.42307692 0.45833333 0.44      ]
 [0.55769231 0.60416667 0.58      ]
 [0.35308704 0.36979167 0.36060038]]
0.3697916666666667
accuracy list: 
[0.328125, 0.421875, 0.3177083333333333, 0.3645833333333333, 0.40625, 0.390625, 0.3541666666666667, 0.34375, 0.3072916666666667, 0.3177083333333333, 0.34375, 0.3072916666666667, 0.34375, 0.328125, 0.3645833333333333, 0.4010416666666667, 0.3958333333333333, 0.359375, 0.3697916666666667]
time cost list: 
[0.5983951091766357, 1.1466257572174072, 2.0009238719940186, 3.054778814315796, 4.382159948348999, 5.696926832199097, 7.944822072982788, 9.987480878829956, 12.03412127494812, 15.693830251693726, 18.26510787010193, 23.128247022628784, 26.375749826431274, 28.93524694442749, 31.603920936584473, 38.71991777420044, 41.501476764678955, 44.950353145599365, 49.35979700088501]
