All features 
LDA: true  
hidden units: 1
[[0.4        0.58333333 0.47457627]
 [0.375      0.0625     0.10714286]
 [0.2173913  0.20833333 0.21276596]
 [0.52941176 0.75       0.62068966]
 [0.38045077 0.40104167 0.35379369]]
0.4010416666666667
hidden units: 2
[[0.39393939 0.54166667 0.45614035]
 [0.5        0.08333333 0.14285714]
 [0.22       0.22916667 0.2244898 ]
 [0.54411765 0.77083333 0.63793103]
 [0.41451426 0.40625    0.36535458]]
0.40625
hidden units: 3
[[0.31481481 0.35416667 0.33333333]
 [0.1        0.02083333 0.03448276]
 [0.27868852 0.35416667 0.31192661]
 [0.56716418 0.79166667 0.66086957]
 [0.31516688 0.38020833 0.33515307]]
0.3802083333333333
hidden units: 4
[[0.31914894 0.3125     0.31578947]
 [0.46153846 0.125      0.19672131]
 [0.25       0.3125     0.27777778]
 [0.52777778 0.79166667 0.63333333]
 [0.38961629 0.38541667 0.35590547]]
0.3854166666666667
hidden units: 5
[[0.41509434 0.45833333 0.43564356]
 [0.3125     0.20833333 0.25      ]
 [0.17391304 0.16666667 0.17021277]
 [0.60655738 0.77083333 0.67889908]
 [0.37701619 0.40104167 0.38368885]]
0.4010416666666667
hidden units: 6
[[0.32894737 0.52083333 0.40322581]
 [0.29411765 0.10416667 0.15384615]
 [0.07894737 0.0625     0.06976744]
 [0.59016393 0.75       0.66055046]
 [0.32304408 0.359375   0.32184747]]
0.359375
hidden units: 7
[[0.35714286 0.41666667 0.38461538]
 [0.27272727 0.1875     0.22222222]
 [0.18       0.1875     0.18367347]
 [0.50943396 0.5625     0.53465347]
 [0.32982602 0.33854167 0.33129114]]
0.3385416666666667
hidden units: 8
[[0.31578947 0.375      0.34285714]
 [0.27272727 0.125      0.17142857]
 [0.24444444 0.22916667 0.23655914]
 [0.51470588 0.72916667 0.60344828]
 [0.33691677 0.36458333 0.33857328]]
0.3645833333333333
hidden units: 9
[[0.31428571 0.22916667 0.26506024]
 [0.21428571 0.125      0.15789474]
 [0.24324324 0.375      0.29508197]
 [0.58181818 0.66666667 0.62135922]
 [0.33840821 0.34895833 0.33484904]]
0.3489583333333333
hidden units: 10
[[0.31111111 0.29166667 0.30107527]
 [0.43478261 0.20833333 0.28169014]
 [0.234375   0.3125     0.26785714]
 [0.53333333 0.66666667 0.59259259]
 [0.37840051 0.36979167 0.36080379]]
0.3697916666666667
hidden units: 11
[[0.44680851 0.4375     0.44210526]
 [0.42424242 0.29166667 0.34567901]
 [0.25862069 0.3125     0.28301887]
 [0.44444444 0.5        0.47058824]
 [0.39352902 0.38541667 0.38534784]]
0.3854166666666667
hidden units: 12
[[0.24528302 0.27083333 0.25742574]
 [0.13888889 0.10416667 0.11904762]
 [0.25       0.25       0.25      ]
 [0.45454545 0.52083333 0.48543689]
 [0.27217934 0.28645833 0.27797756]]
0.2864583333333333
hidden units: 13
[[0.36231884 0.52083333 0.42735043]
 [0.2173913  0.10416667 0.14084507]
 [0.30952381 0.27083333 0.28888889]
 [0.46551724 0.5625     0.50943396]
 [0.3386878  0.36458333 0.34162959]]
0.3645833333333333
hidden units: 14
[[0.33333333 0.33333333 0.33333333]
 [0.25531915 0.25       0.25263158]
 [0.22641509 0.25       0.23762376]
 [0.52272727 0.47916667 0.5       ]
 [0.33444871 0.328125   0.33089717]]
0.328125
hidden units: 15
[[0.34920635 0.45833333 0.3963964 ]
 [0.29032258 0.1875     0.2278481 ]
 [0.10869565 0.10416667 0.10638298]
 [0.55769231 0.60416667 0.58      ]
 [0.32647922 0.33854167 0.32765687]]
0.3385416666666667
hidden units: 16
[[0.32653061 0.33333333 0.32989691]
 [0.30769231 0.16666667 0.21621622]
 [0.39215686 0.41666667 0.4040404 ]
 [0.45454545 0.625      0.52631579]
 [0.37023131 0.38541667 0.36911733]]
0.3854166666666667
hidden units: 17
[[0.48214286 0.5625     0.51923077]
 [0.         0.         0.        ]
 [0.27083333 0.27083333 0.27083333]
 [0.43478261 0.625      0.51282051]
 [0.2969397  0.36458333 0.32572115]]
0.3645833333333333
hidden units: 18
[[0.34782609 0.5        0.41025641]
 [0.15384615 0.08333333 0.10810811]
 [0.38636364 0.35416667 0.36956522]
 [0.64150943 0.70833333 0.67326733]
 [0.38238633 0.41145833 0.39029927]]
0.4114583333333333
hidden units: 19
[[0.3        0.375      0.33333333]
 [0.28125    0.1875     0.225     ]
 [0.26923077 0.29166667 0.28      ]
 [0.45833333 0.45833333 0.45833333]
 [0.32720353 0.328125   0.32416667]]
0.328125
accuracy list: 
[0.4010416666666667, 0.40625, 0.3802083333333333, 0.3854166666666667, 0.4010416666666667, 0.359375, 0.3385416666666667, 0.3645833333333333, 0.3489583333333333, 0.3697916666666667, 0.3854166666666667, 0.2864583333333333, 0.3645833333333333, 0.328125, 0.3385416666666667, 0.3854166666666667, 0.3645833333333333, 0.4114583333333333, 0.328125]
time cost list: 
[0.5836529731750488, 1.2412049770355225, 2.4740869998931885, 3.3175289630889893, 5.00258207321167, 6.830043077468872, 8.16203498840332, 12.253435850143433, 13.63759183883667, 18.010936975479126, 20.09293293952942, 20.41346001625061, 24.914541959762573, 28.21023988723755, 32.07894706726074, 35.01978302001953, 41.105429887771606, 42.8890278339386, 49.831441164016724]
