All features 
LDA: true  
hidden units: 1
[[0.4025974  0.64583333 0.496     ]
 [0.         0.         0.        ]
 [0.14634146 0.125      0.13483146]
 [0.52112676 0.77083333 0.62184874]
 [0.26751641 0.38541667 0.31317005]]
0.3854166666666667
hidden units: 2
[[0.45588235 0.64583333 0.53448276]
 [0.36363636 0.08333333 0.13559322]
 [0.23255814 0.20833333 0.21978022]
 [0.54285714 0.79166667 0.6440678 ]
 [0.3987335  0.43229167 0.383481  ]]
0.4322916666666667
hidden units: 3
[[0.41666667 0.52083333 0.46296296]
 [0.17647059 0.0625     0.09230769]
 [0.2        0.1875     0.19354839]
 [0.48571429 0.70833333 0.57627119]
 [0.31971289 0.36979167 0.33127256]]
0.3697916666666667
hidden units: 4
[[0.225      0.1875     0.20454545]
 [0.33333333 0.0625     0.10526316]
 [0.24       0.375      0.29268293]
 [0.5        0.70833333 0.5862069 ]
 [0.32458333 0.33333333 0.29717461]]
0.3333333333333333
hidden units: 5
[[0.34375    0.45833333 0.39285714]
 [0.28571429 0.04166667 0.07272727]
 [0.16326531 0.16666667 0.16494845]
 [0.48611111 0.72916667 0.58333333]
 [0.31971018 0.34895833 0.30346655]]
0.3489583333333333
hidden units: 6
[[0.31746032 0.41666667 0.36036036]
 [0.38888889 0.14583333 0.21212121]
 [0.21818182 0.25       0.23300971]
 [0.46428571 0.54166667 0.5       ]
 [0.34720418 0.33854167 0.32637282]]
0.3385416666666667
hidden units: 7
[[0.39534884 0.35416667 0.37362637]
 [0.42857143 0.1875     0.26086957]
 [0.1971831  0.29166667 0.23529412]
 [0.47368421 0.5625     0.51428571]
 [0.37369689 0.34895833 0.34601894]]
0.3489583333333333
hidden units: 8
[[0.32258065 0.41666667 0.36363636]
 [0.29166667 0.14583333 0.19444444]
 [0.22641509 0.25       0.23762376]
 [0.52830189 0.58333333 0.55445545]
 [0.34224107 0.34895833 0.33754   ]]
0.3489583333333333
hidden units: 9
[[0.38235294 0.54166667 0.44827586]
 [0.26086957 0.125      0.16901408]
 [0.14545455 0.16666667 0.15533981]
 [0.43478261 0.41666667 0.42553191]
 [0.30586492 0.3125     0.29954042]]
0.3125
hidden units: 10
[[0.45098039 0.47916667 0.46464646]
 [0.25       0.10416667 0.14705882]
 [0.33333333 0.39583333 0.36190476]
 [0.5625     0.75       0.64285714]
 [0.39920343 0.43229167 0.4041168 ]]
0.4322916666666667
hidden units: 11
[[0.32075472 0.35416667 0.33663366]
 [0.31428571 0.22916667 0.26506024]
 [0.1509434  0.16666667 0.15841584]
 [0.49019608 0.52083333 0.50505051]
 [0.31904498 0.31770833 0.31629006]]
0.3177083333333333
hidden units: 12
[[0.36363636 0.25       0.2962963 ]
 [0.33333333 0.22916667 0.27160494]
 [0.31481481 0.35416667 0.33333333]
 [0.44444444 0.66666667 0.53333333]
 [0.36405724 0.375      0.35864198]]
0.375
hidden units: 13
[[0.38235294 0.27083333 0.31707317]
 [0.275      0.22916667 0.25      ]
 [0.26666667 0.41666667 0.32520325]
 [0.55813953 0.5        0.52747253]
 [0.37053979 0.35416667 0.35493724]]
0.3541666666666667
hidden units: 14
[[0.36764706 0.52083333 0.43103448]
 [0.36363636 0.25       0.2962963 ]
 [0.20408163 0.20833333 0.20618557]
 [0.57142857 0.5        0.53333333]
 [0.37669841 0.36979167 0.36671242]]
0.3697916666666667
hidden units: 15
[[0.31578947 0.375      0.34285714]
 [0.29310345 0.35416667 0.32075472]
 [0.33333333 0.25       0.28571429]
 [0.3902439  0.33333333 0.35955056]
 [0.33311754 0.328125   0.32721918]]
0.328125
hidden units: 16
[[0.37735849 0.41666667 0.3960396 ]
 [0.325      0.27083333 0.29545455]
 [0.13636364 0.125      0.13043478]
 [0.43636364 0.5        0.46601942]
 [0.31877144 0.328125   0.32198709]]
0.328125
hidden units: 17
[[0.37037037 0.41666667 0.39215686]
 [0.52941176 0.1875     0.27692308]
 [0.16363636 0.1875     0.17475728]
 [0.46969697 0.64583333 0.54385965]
 [0.38327887 0.359375   0.34692422]]
0.359375
hidden units: 18
[[0.21428571 0.25       0.23076923]
 [0.17647059 0.125      0.14634146]
 [0.16       0.16666667 0.16326531]
 [0.53846154 0.58333333 0.56      ]
 [0.27230446 0.28125    0.275094  ]]
0.28125
hidden units: 19
[[0.31034483 0.375      0.33962264]
 [0.29411765 0.20833333 0.24390244]
 [0.15217391 0.14583333 0.14893617]
 [0.64814815 0.72916667 0.68627451]
 [0.35119613 0.36458333 0.35468394]]
0.3645833333333333
accuracy list: 
[0.3854166666666667, 0.4322916666666667, 0.3697916666666667, 0.3333333333333333, 0.3489583333333333, 0.3385416666666667, 0.3489583333333333, 0.3489583333333333, 0.3125, 0.4322916666666667, 0.3177083333333333, 0.375, 0.3541666666666667, 0.3697916666666667, 0.328125, 0.328125, 0.359375, 0.28125, 0.3645833333333333]
time cost list: 
[0.5732309818267822, 1.0966951847076416, 1.892543077468872, 2.905057191848755, 4.105859279632568, 5.80014967918396, 7.643041133880615, 10.094485998153687, 12.067867279052734, 14.84430980682373, 19.022884130477905, 22.179332971572876, 24.527013063430786, 27.480015993118286, 31.456300973892212, 36.34608697891235, 43.048768758773804, 54.98843502998352, 62.57410502433777]
