All features 
LDA: False  
hidden units: 1
[[0.225      0.1875     0.20454545]
 [0.20833333 0.20833333 0.20833333]
 [0.32786885 0.41666667 0.36697248]
 [0.27906977 0.25       0.26373626]
 [0.26006799 0.265625   0.26089688]]
0.265625
hidden units: 2
[[0.28571429 0.16666667 0.21052632]
 [0.23214286 0.27083333 0.25      ]
 [0.33333333 0.47916667 0.39316239]
 [0.28205128 0.22916667 0.25287356]
 [0.28331044 0.28645833 0.27664057]]
0.2864583333333333
hidden units: 3
[[0.38888889 0.29166667 0.33333333]
 [0.21052632 0.25       0.22857143]
 [0.35087719 0.41666667 0.38095238]
 [0.38095238 0.33333333 0.35555556]
 [0.33281119 0.32291667 0.32460317]]
0.3229166666666667
hidden units: 4
[[0.44       0.22916667 0.30136986]
 [0.16666667 0.1875     0.17647059]
 [0.25       0.3125     0.27777778]
 [0.32075472 0.35416667 0.33663366]
 [0.29435535 0.27083333 0.27306297]]
0.2708333333333333
hidden units: 5
[[0.21428571 0.1875     0.2       ]
 [0.21428571 0.125      0.15789474]
 [0.32876712 0.5        0.39669421]
 [0.30612245 0.3125     0.30927835]
 [0.26586525 0.28125    0.26596683]]
0.28125
hidden units: 6
[[0.21621622 0.16666667 0.18823529]
 [0.24       0.25       0.24489796]
 [0.25       0.29166667 0.26923077]
 [0.32653061 0.33333333 0.32989691]
 [0.25818671 0.26041667 0.25806523]]
0.2604166666666667
hidden units: 7
[[0.21212121 0.14583333 0.17283951]
 [0.20454545 0.1875     0.19565217]
 [0.27868852 0.35416667 0.31192661]
 [0.2037037  0.22916667 0.21568627]
 [0.22476472 0.22916667 0.22402614]]
0.22916666666666666
hidden units: 8
[[0.28205128 0.22916667 0.25287356]
 [0.21428571 0.1875     0.2       ]
 [0.29032258 0.375      0.32727273]
 [0.32653061 0.33333333 0.32989691]
 [0.27829755 0.28125    0.2775108 ]]
0.28125
hidden units: 9
[[0.40384615 0.4375     0.42      ]
 [0.21276596 0.20833333 0.21052632]
 [0.32653061 0.33333333 0.32989691]
 [0.31818182 0.29166667 0.30434783]
 [0.31533114 0.31770833 0.31619276]]
0.3177083333333333
hidden units: 10
[[0.2        0.10416667 0.1369863 ]
 [0.18367347 0.1875     0.18556701]
 [0.31746032 0.41666667 0.36036036]
 [0.21818182 0.25       0.23300971]
 [0.2298289  0.23958333 0.22898085]]
0.23958333333333334
hidden units: 11
[[0.19512195 0.16666667 0.17977528]
 [0.21153846 0.22916667 0.22      ]
 [0.30612245 0.3125     0.30927835]
 [0.26       0.27083333 0.26530612]
 [0.24319572 0.24479167 0.24358994]]
0.24479166666666666
hidden units: 12
[[0.23255814 0.20833333 0.21978022]
 [0.2826087  0.27083333 0.27659574]
 [0.27906977 0.25       0.26373626]
 [0.35       0.4375     0.38888889]
 [0.28605915 0.29166667 0.28725028]]
0.2916666666666667
hidden units: 13
[[0.26666667 0.25       0.25806452]
 [0.23076923 0.1875     0.20689655]
 [0.28571429 0.29166667 0.28865979]
 [0.30508475 0.375      0.3364486 ]
 [0.27205873 0.27604167 0.27251736]]
0.2760416666666667
hidden units: 14
[[0.4        0.29166667 0.3373494 ]
 [0.18       0.1875     0.18367347]
 [0.30612245 0.3125     0.30927835]
 [0.24137931 0.29166667 0.26415094]
 [0.28187544 0.27083333 0.27361304]]
0.2708333333333333
hidden units: 15
[[0.21052632 0.16666667 0.18604651]
 [0.23076923 0.1875     0.20689655]
 [0.26984127 0.35416667 0.30630631]
 [0.28846154 0.3125     0.3       ]
 [0.24989959 0.25520833 0.24981234]]
0.2552083333333333
hidden units: 16
[[0.35135135 0.27083333 0.30588235]
 [0.27659574 0.27083333 0.27368421]
 [0.20833333 0.20833333 0.20833333]
 [0.35       0.4375     0.38888889]
 [0.29657011 0.296875   0.2941972 ]]
0.296875
hidden units: 17
[[0.27906977 0.25       0.26373626]
 [0.1754386  0.20833333 0.19047619]
 [0.30769231 0.33333333 0.32      ]
 [0.3        0.25       0.27272727]
 [0.26555017 0.26041667 0.26173493]]
0.2604166666666667
hidden units: 18
[[0.3030303  0.20833333 0.24691358]
 [0.20408163 0.20833333 0.20618557]
 [0.26315789 0.3125     0.28571429]
 [0.35849057 0.39583333 0.37623762]
 [0.2821901  0.28125    0.27876276]]
0.28125
hidden units: 19
[[0.20454545 0.1875     0.19565217]
 [0.30232558 0.27083333 0.28571429]
 [0.22727273 0.20833333 0.2173913 ]
 [0.27868852 0.35416667 0.31192661]
 [0.25320807 0.25520833 0.25267109]]
0.2552083333333333
accuracy list: 
[0.265625, 0.2864583333333333, 0.3229166666666667, 0.2708333333333333, 0.28125, 0.2604166666666667, 0.22916666666666666, 0.28125, 0.3177083333333333, 0.23958333333333334, 0.24479166666666666, 0.2916666666666667, 0.2760416666666667, 0.2708333333333333, 0.2552083333333333, 0.296875, 0.2604166666666667, 0.28125, 0.2552083333333333]
time cost list: 
[1.5493650436401367, 2.7158310413360596, 4.076444864273071, 5.330056190490723, 6.426013946533203, 8.533021926879883, 10.647634983062744, 14.825936079025269, 19.262176036834717, 20.203171253204346, 22.044734001159668, 28.430628061294556, 28.288633108139038, 26.65852403640747, 32.442150831222534, 29.20527982711792, 39.26000213623047, 36.93185615539551, 48.603935956954956]
