All features 
LDA: False  
hidden units: 1
[[0.24444444 0.22916667 0.23655914]
 [0.23255814 0.20833333 0.21978022]
 [0.26415094 0.29166667 0.27722772]
 [0.21568627 0.22916667 0.22222222]
 [0.23920995 0.23958333 0.23894733]]
0.23958333333333334
hidden units: 2
[[0.24444444 0.22916667 0.23655914]
 [0.26415094 0.29166667 0.27722772]
 [0.33333333 0.4375     0.37837838]
 [0.32258065 0.20833333 0.25316456]
 [0.29112734 0.29166667 0.28633245]]
0.2916666666666667
hidden units: 3
[[0.28947368 0.22916667 0.25581395]
 [0.2745098  0.29166667 0.28282828]
 [0.31147541 0.39583333 0.34862385]
 [0.38095238 0.33333333 0.35555556]
 [0.31410282 0.3125     0.31070541]]
0.3125
hidden units: 4
[[0.35714286 0.3125     0.33333333]
 [0.29268293 0.25       0.26966292]
 [0.3220339  0.39583333 0.35514019]
 [0.22       0.22916667 0.2244898 ]
 [0.29796492 0.296875   0.29565656]]
0.296875
hidden units: 5
[[0.29787234 0.29166667 0.29473684]
 [0.29545455 0.27083333 0.2826087 ]
 [0.22033898 0.27083333 0.24299065]
 [0.35714286 0.3125     0.33333333]
 [0.29270218 0.28645833 0.28841738]]
0.2864583333333333
hidden units: 6
[[0.25490196 0.27083333 0.26262626]
 [0.14       0.14583333 0.14285714]
 [0.30357143 0.35416667 0.32692308]
 [0.31428571 0.22916667 0.26506024]
 [0.25318978 0.25       0.24936668]]
0.25
hidden units: 7
[[0.20512821 0.16666667 0.18390805]
 [0.19148936 0.1875     0.18947368]
 [0.21818182 0.25       0.23300971]
 [0.2745098  0.29166667 0.28282828]
 [0.2223273  0.22395833 0.22230493]]
0.22395833333333334
hidden units: 8
[[0.35483871 0.22916667 0.27848101]
 [0.18518519 0.20833333 0.19607843]
 [0.29411765 0.3125     0.3030303 ]
 [0.32142857 0.375      0.34615385]
 [0.28889253 0.28125    0.2809359 ]]
0.28125
hidden units: 9
[[0.25       0.1875     0.21428571]
 [0.31481481 0.35416667 0.33333333]
 [0.31372549 0.33333333 0.32323232]
 [0.29411765 0.3125     0.3030303 ]
 [0.29316449 0.296875   0.29347042]]
0.296875
hidden units: 10
[[0.27906977 0.25       0.26373626]
 [0.26530612 0.27083333 0.26804124]
 [0.26923077 0.29166667 0.28      ]
 [0.375      0.375      0.375     ]
 [0.29715166 0.296875   0.29669438]]
0.296875
hidden units: 11
[[0.23333333 0.14583333 0.17948718]
 [0.21276596 0.20833333 0.21052632]
 [0.23728814 0.29166667 0.26168224]
 [0.30357143 0.35416667 0.32692308]
 [0.24673971 0.25       0.2446547 ]]
0.25
hidden units: 12
[[0.26829268 0.22916667 0.24719101]
 [0.26       0.27083333 0.26530612]
 [0.26530612 0.27083333 0.26804124]
 [0.32692308 0.35416667 0.34      ]
 [0.28013047 0.28125    0.28013459]]
0.28125
hidden units: 13
[[0.2195122  0.1875     0.20224719]
 [0.26086957 0.25       0.25531915]
 [0.22641509 0.25       0.23762376]
 [0.28846154 0.3125     0.3       ]
 [0.2488146  0.25       0.24879753]]
0.25
hidden units: 14
[[0.14814815 0.08333333 0.10666667]
 [0.265625   0.35416667 0.30357143]
 [0.26       0.27083333 0.26530612]
 [0.2745098  0.29166667 0.28282828]
 [0.23707074 0.25       0.23959313]]
0.25
hidden units: 15
[[0.26829268 0.22916667 0.24719101]
 [0.21052632 0.16666667 0.18604651]
 [0.23188406 0.33333333 0.27350427]
 [0.29545455 0.27083333 0.2826087 ]
 [0.2515394  0.25       0.24733762]]
0.25
hidden units: 16
[[0.25641026 0.20833333 0.22988506]
 [0.28205128 0.22916667 0.25287356]
 [0.20338983 0.25       0.22429907]
 [0.36363636 0.41666667 0.38834951]
 [0.27637193 0.27604167 0.2738518 ]]
0.2760416666666667
hidden units: 17
[[0.22916667 0.22916667 0.22916667]
 [0.18918919 0.14583333 0.16470588]
 [0.33898305 0.41666667 0.37383178]
 [0.33333333 0.33333333 0.33333333]
 [0.27266806 0.28125    0.27525941]]
0.28125
hidden units: 18
[[0.25       0.1875     0.21428571]
 [0.2        0.16666667 0.18181818]
 [0.203125   0.27083333 0.23214286]
 [0.28846154 0.3125     0.3       ]
 [0.23539663 0.234375   0.23206169]]
0.234375
hidden units: 19
[[0.24324324 0.1875     0.21176471]
 [0.20833333 0.20833333 0.20833333]
 [0.31034483 0.375      0.33962264]
 [0.32653061 0.33333333 0.32989691]
 [0.272113   0.27604167 0.2724044 ]]
0.2760416666666667
accuracy list: 
[0.23958333333333334, 0.2916666666666667, 0.3125, 0.296875, 0.2864583333333333, 0.25, 0.22395833333333334, 0.28125, 0.296875, 0.296875, 0.25, 0.28125, 0.25, 0.25, 0.25, 0.2760416666666667, 0.28125, 0.234375, 0.2760416666666667]
time cost list: 
[2.607897996902466, 2.9842700958251953, 3.8995749950408936, 4.600344657897949, 5.725377082824707, 6.191416025161743, 7.073325872421265, 6.775406837463379, 9.818291902542114, 11.081140995025635, 10.274044036865234, 9.763526201248169, 12.62727403640747, 13.953649997711182, 13.827869892120361, 10.391832113265991, 11.452090978622437, 17.184262990951538, 13.912641763687134]
