All features + FFNN
GA: True  

Hidden Unit: 1 
Evolution finish
[0.2838541666666667, 0.27864583333333337, 0.2725694444444445, 0.2740885416666667, 0.28177083333333336, 0.290625, 0.2953125, 0.30208333333333337, 0.3078125, 0.31718750000000007, 0.3197916666666667, 0.32552083333333337, 0.3260416666666667, 0.32708333333333334, 0.32812500000000006, 0.32812500000000006, 0.32864583333333336, 0.3291666666666667]
('[1 1 0 0 1 0 0 1 1 1 1 1 0 1 1 1 0 0 1 0 1 0 0 0 0 0 0 0 0 1 0 0 0 0 1 1 0\n 1 0 0 0 1 0 0 0 1 0 1 0 0 1 0 0 1 0 0 1 1 0 0 0 1 1 0 1 1 1 1 0 1 0 0 0 0\n 1 1 1 1 0 1 1 1 0 0 1]', 0.3489583333333333)
[[0.31818182 0.29166667 0.30434783]
 [0.25       0.20833333 0.22727273]
 [0.41176471 0.29166667 0.34146341]
 [0.39189189 0.60416667 0.47540984]
 [0.3429596  0.34895833 0.33712345]]
Number of features: 
39
Time: 392.45025610923767

Hidden Unit: 2
Evolution finish
[0.28125, 0.2994791666666667, 0.3098958333333333, 0.30989583333333337, 0.30989583333333337, 0.31562500000000004, 0.32343750000000004, 0.3276041666666667, 0.3276041666666667, 0.3276041666666667, 0.3338541666666667, 0.3364583333333334, 0.3369791666666667, 0.3369791666666667, 0.3369791666666667]
('[0 1 1 1 0 1 0 0 1 1 0 1 1 1 1 0 0 0 1 0 1 0 1 1 1 0 0 0 1 1 0 1 0 1 1 0 1\n 0 1 1 1 0 1 0 1 1 0 1 0 1 0 1 1 1 1 0 0 1 1 0 1 1 0 1 1 1 1 1 1 0 0 1 1 1\n 1 1 1 1 1 0 0 1 0 0 1]', 0.3489583333333333)
[[0.30769231 0.33333333 0.32      ]
 [0.39215686 0.41666667 0.4040404 ]
 [0.3        0.25       0.27272727]
 [0.3877551  0.39583333 0.39175258]
 [0.34690107 0.34895833 0.34713006]]
Number of features: 
53
Time: 514.8664782047272

Hidden Unit: 3
Evolution finish
[0.30729166666666663, 0.30078125, 0.3020833333333333, 0.3033854166666667, 0.3067708333333333, 0.3145833333333333, 0.3145833333333333, 0.3182291666666667, 0.3229166666666667, 0.3229166666666667, 0.3229166666666667, 0.3229166666666667]
('[1 0 1 1 0 1 0 0 0 0 0 0 1 0 1 1 0 0 1 0 1 1 1 0 1 1 1 1 0 0 0 0 0 0 1 1 0\n 1 1 0 0 1 1 0 0 0 0 1 1 1 1 0 0 0 1 0 0 1 1 0 1 0 1 0 0 0 1 1 0 1 1 1 1 0\n 1 0 0 1 0 1 0 0 1 0 1]', 0.3385416666666667)
[[0.425      0.35416667 0.38636364]
 [0.25454545 0.29166667 0.27184466]
 [0.32653061 0.33333333 0.32989691]
 [0.375      0.375      0.375     ]
 [0.34526902 0.33854167 0.3407763 ]]
Number of features: 
41
Time: 608.7785120010376

Hidden Unit: 4
Evolution finish
[0.2760416666666667, 0.2864583333333333, 0.2942708333333333, 0.2955729166666667, 0.29583333333333334, 0.3072916666666667, 0.31666666666666665, 0.31979166666666664, 0.3255208333333333, 0.3270833333333333, 0.32916666666666666, 0.32916666666666666, 0.33072916666666663, 0.33125, 0.3348958333333333, 0.3348958333333333, 0.34062500000000007, 0.3416666666666667, 0.3416666666666667, 0.3421875, 0.3421875]
('[0 0 0 0 0 1 0 0 1 0 1 1 1 1 1 0 1 0 0 0 1 0 1 1 0 0 0 0 0 0 1 1 1 0 1 0 1\n 0 1 0 1 0 0 1 0 1 1 1 0 0 0 0 1 1 0 0 1 1 0 0 1 1 0 0 1 1 1 0 1 0 0 1 1 0\n 1 1 0 1 0 0 0 1 0 1 0]', 0.375)
[[0.52173913 0.25       0.33802817]
 [0.58333333 0.29166667 0.38888889]
 [0.31730769 0.6875     0.43421053]
 [0.31707317 0.27083333 0.29213483]
 [0.43486333 0.375      0.3633156 ]]
Number of features: 
39
Time: 3593.1613759994507

Hidden Unit: 5
Evolution finish
[0.28385416666666663, 0.2786458333333333, 0.29340277777777773, 0.291015625, 0.29635416666666664, 0.3026041666666667, 0.303125, 0.31197916666666664, 0.31354166666666666, 0.3161458333333333, 0.3161458333333333, 0.3161458333333333, 0.3161458333333333]
('[1 1 1 1 1 1 0 1 0 0 1 1 0 1 1 0 1 1 0 0 1 1 0 1 1 0 0 1 0 0 0 0 1 0 0 1 0\n 0 0 0 0 0 1 1 0 0 0 0 1 1 1 1 0 0 1 0 1 0 1 0 1 1 0 1 0 1 0 0 0 0 0 0 1 1\n 1 1 0 0 1 0 1 1 0 0 1]', 0.328125)
[[0.3030303  0.41666667 0.35087719]
 [0.35555556 0.33333333 0.34408602]
 [0.33333333 0.39583333 0.36190476]
 [0.33333333 0.16666667 0.22222222]
 [0.33131313 0.328125   0.31977255]]
Number of features: 
41
Time: 2349.133246898651

Hidden Unit: 6
Evolution finish
[0.28645833333333337, 0.3059895833333333, 0.3107638888888889, 0.30924479166666663, 0.30833333333333335, 0.31250000000000006, 0.3171875, 0.3171875, 0.31927083333333334, 0.32343750000000004, 0.32447916666666665, 0.328125, 0.3333333333333333, 0.3338541666666667, 0.3338541666666667, 0.3338541666666667]
('[0 0 0 1 0 0 0 0 1 1 0 0 0 1 0 0 0 0 0 0 1 0 0 0 1 1 1 1 1 1 1 0 0 1 1 1 1\n 0 0 0 1 1 1 0 0 0 1 1 1 0 0 1 1 1 0 1 1 0 0 1 0 1 0 0 0 1 0 1 1 1 0 1 1 0\n 1 1 1 1 1 0 0 1 1 0 0]', 0.3541666666666667)
[[0.31034483 0.375      0.33962264]
 [0.28571429 0.125      0.17391304]
 [0.38271605 0.64583333 0.48062016]
 [0.40625    0.27083333 0.325     ]
 [0.34625629 0.35416667 0.32978896]]
Number of features: 
42
Time: 3092.0827600955963

Hidden Unit: 7
Evolution finish
[0.2890625, 0.28385416666666663, 0.2881944444444444, 0.28971354166666663, 0.28802083333333334, 0.29375, 0.3015625, 0.3015625, 0.31197916666666664, 0.3140625, 0.3182291666666667, 0.3203125, 0.3203125, 0.3203125, 0.3203125]
('[0 1 1 1 1 1 0 1 1 0 1 1 1 0 1 1 0 1 0 1 0 0 0 0 0 0 1 1 1 0 1 1 1 0 0 0 0\n 1 1 0 0 1 1 1 0 1 1 1 0 0 0 1 1 1 1 1 0 1 0 1 0 1 0 0 1 1 1 0 0 0 1 1 0 1\n 1 0 0 1 1 0 1 1 0 0 1]', 0.359375)
[[0.32692308 0.35416667 0.34      ]
 [0.32432432 0.25       0.28235294]
 [0.34328358 0.47916667 0.4       ]
 [0.47222222 0.35416667 0.4047619 ]
 [0.3666883  0.359375   0.35677871]]
Number of features: 
48
Time: 2788.655282974243

Hidden Unit: 8
Evolution finish
[0.28385416666666663, 0.2864583333333333, 0.28906249999999994, 0.287109375, 0.2890625, 0.2916666666666667, 0.29322916666666665, 0.29739583333333336, 0.30104166666666665, 0.3046875, 0.3046875, 0.30572916666666666, 0.30729166666666663, 0.30729166666666663, 0.30729166666666663, 0.30833333333333335, 0.309375, 0.31354166666666666, 0.31666666666666665, 0.321875, 0.321875, 0.3229166666666667, 0.32395833333333335, 0.32552083333333337, 0.3291666666666667, 0.33229166666666665, 0.33489583333333334, 0.3442708333333334, 0.3442708333333334, 0.3442708333333334, 0.3442708333333334]
('[0 0 1 0 1 1 0 0 1 0 0 0 1 0 0 0 0 0 1 1 0 1 1 0 1 0 0 0 1 0 1 0 0 0 1 1 0\n 0 0 1 1 1 1 0 0 0 1 1 1 0 1 1 0 0 1 1 0 1 1 0 1 1 0 1 0 1 0 0 1 0 0 1 0 0\n 0 0 0 0 1 0 1 1 0 1 0]', 0.3802083333333333)
[[0.36956522 0.35416667 0.36170213]
 [0.56410256 0.45833333 0.50574713]
 [0.28       0.4375     0.34146341]
 [0.40625    0.27083333 0.325     ]
 [0.40497945 0.38020833 0.38347817]]
Number of features: 
37
Time: 5374.158746242523


Hidden Unit: 9
Evolution finish
[0.2864583333333333, 0.2955729166666667, 0.3090277777777778, 0.3098958333333333, 0.3114583333333333, 0.3171875, 0.32083333333333336, 0.32083333333333336, 0.3244791666666667, 0.3244791666666667, 0.3286458333333333, 0.3348958333333333, 0.33541666666666664, 0.3375, 0.3375, 0.3375, 0.33958333333333335, 0.33958333333333335, 0.33958333333333335, 0.33958333333333335]
('[0 1 1 1 0 1 0 0 1 1 1 0 1 0 1 1 0 0 1 0 0 1 0 1 0 0 1 1 1 0 1 1 1 1 0 1 1\n 1 1 1 1 0 0 0 1 0 0 0 1 1 0 0 0 0 1 0 1 1 0 1 0 1 0 1 1 0 0 0 0 0 0 0 0 0\n 0 0 0 1 0 0 1 1 0 0 0]', 0.359375)
[[0.30769231 0.5        0.38095238]
 [0.39534884 0.35416667 0.37362637]
 [0.34210526 0.27083333 0.30232558]
 [0.45454545 0.3125     0.37037037]
 [0.37492297 0.359375   0.35681868]]
Number of features: 
39
Time: 3759.223930120468

Hidden Unit: 10
Evolution finish
[0.3229166666666667, 0.31380208333333337, 0.31250000000000006, 0.30533854166666663, 0.303125, 0.31302083333333336, 0.31510416666666663, 0.315625, 0.31875, 0.3296875, 0.3296875, 0.3296875, 0.33177083333333335, 0.33333333333333337, 0.33333333333333337, 0.33333333333333337, 0.33333333333333337]
('[0 0 1 0 0 0 1 0 1 0 0 0 1 1 0 1 0 1 1 0 1 1 0 0 1 0 0 0 1 1 1 1 1 1 0 1 0\n 1 0 1 1 0 1 0 1 0 1 1 1 1 1 0 0 1 0 0 0 1 1 1 0 1 0 1 0 0 1 1 1 1 0 0 0 1\n 0 0 0 1 1 1 0 1 0 0 0]', 0.359375)
[[0.39130435 0.375      0.38297872]
 [0.2962963  0.16666667 0.21333333]
 [0.35106383 0.6875     0.46478873]
 [0.4        0.20833333 0.2739726 ]
 [0.35966612 0.359375   0.33376835]]
Number of features: 
43
Time: 3150.9491469860077





