All features 
LDA: False  
hidden units: 1
[[0.22580645 0.29166667 0.25454545]
 [0.27906977 0.25       0.26373626]
 [0.41666667 0.3125     0.35714286]
 [0.21568627 0.22916667 0.22222222]
 [0.28430729 0.27083333 0.2744117 ]]
0.2708333333333333
hidden units: 2
[[0.25581395 0.22916667 0.24175824]
 [0.22222222 0.20833333 0.21505376]
 [0.25925926 0.29166667 0.2745098 ]
 [0.2        0.20833333 0.20408163]
 [0.23432386 0.234375   0.23385086]]
0.234375
hidden units: 3
[[0.23404255 0.22916667 0.23157895]
 [0.21621622 0.16666667 0.18823529]
 [0.296875   0.39583333 0.33928571]
 [0.29545455 0.27083333 0.2826087 ]
 [0.26064708 0.265625   0.26042716]]
0.265625
hidden units: 4
[[0.23529412 0.25       0.24242424]
 [0.32653061 0.33333333 0.32989691]
 [0.34042553 0.33333333 0.33684211]
 [0.33333333 0.3125     0.32258065]
 [0.3088959  0.30729167 0.30793598]]
0.3072916666666667
hidden units: 5
[[0.16326531 0.16666667 0.16494845]
 [0.28571429 0.25       0.26666667]
 [0.2244898  0.22916667 0.22680412]
 [0.28846154 0.3125     0.3       ]
 [0.24048273 0.23958333 0.23960481]]
0.23958333333333334
hidden units: 6
[[0.27906977 0.25       0.26373626]
 [0.24444444 0.22916667 0.23655914]
 [0.25       0.25       0.25      ]
 [0.28571429 0.33333333 0.30769231]
 [0.26480712 0.265625   0.26449693]]
0.265625
hidden units: 7
[[0.18918919 0.14583333 0.16470588]
 [0.13333333 0.125      0.12903226]
 [0.22580645 0.29166667 0.25454545]
 [0.35416667 0.35416667 0.35416667]
 [0.22562391 0.22916667 0.22561257]]
0.22916666666666666
hidden units: 8
[[0.35555556 0.33333333 0.34408602]
 [0.2        0.20833333 0.20408163]
 [0.34693878 0.35416667 0.35051546]
 [0.29166667 0.29166667 0.29166667]
 [0.29854025 0.296875   0.29758745]]
0.296875
hidden units: 9
[[0.28571429 0.20833333 0.24096386]
 [0.22222222 0.20833333 0.21505376]
 [0.28846154 0.3125     0.3       ]
 [0.25       0.3125     0.27777778]
 [0.26159951 0.26041667 0.25844885]]
0.2604166666666667
hidden units: 10
[[0.25641026 0.20833333 0.22988506]
 [0.26415094 0.29166667 0.27722772]
 [0.26       0.27083333 0.26530612]
 [0.32       0.33333333 0.32653061]
 [0.2751403  0.27604167 0.27473738]]
0.2760416666666667
hidden units: 11
[[0.22916667 0.22916667 0.22916667]
 [0.27272727 0.25       0.26086957]
 [0.25490196 0.27083333 0.26262626]
 [0.30612245 0.3125     0.30927835]
 [0.26572959 0.265625   0.26548521]]
0.265625
hidden units: 12
[[0.19565217 0.1875     0.19148936]
 [0.18604651 0.16666667 0.17582418]
 [0.18867925 0.20833333 0.1980198 ]
 [0.26       0.27083333 0.26530612]
 [0.20759448 0.20833333 0.20765987]]
0.20833333333333334
hidden units: 13
[[0.20833333 0.20833333 0.20833333]
 [0.20512821 0.16666667 0.18390805]
 [0.26315789 0.3125     0.28571429]
 [0.33333333 0.33333333 0.33333333]
 [0.25248819 0.25520833 0.25282225]]
0.2552083333333333
hidden units: 14
[[0.21428571 0.1875     0.2       ]
 [0.26666667 0.25       0.25806452]
 [0.22641509 0.25       0.23762376]
 [0.26923077 0.29166667 0.28      ]
 [0.24414956 0.24479167 0.24392207]]
0.24479166666666666
hidden units: 15
[[0.23076923 0.1875     0.20689655]
 [0.23076923 0.25       0.24      ]
 [0.31147541 0.39583333 0.34862385]
 [0.35       0.29166667 0.31818182]
 [0.28075347 0.28125    0.27842556]]
0.28125
hidden units: 16
[[0.19444444 0.14583333 0.16666667]
 [0.28571429 0.29166667 0.28865979]
 [0.25423729 0.3125     0.28037383]
 [0.33333333 0.33333333 0.33333333]
 [0.26693234 0.27083333 0.26725841]]
0.2708333333333333
hidden units: 17
[[0.17647059 0.1875     0.18181818]
 [0.2        0.20833333 0.20408163]
 [0.24       0.25       0.24489796]
 [0.29268293 0.25       0.26966292]
 [0.22728838 0.22395833 0.22511517]]
0.22395833333333334
hidden units: 18
[[0.1875     0.125      0.15      ]
 [0.2        0.22916667 0.21359223]
 [0.29090909 0.33333333 0.31067961]
 [0.4        0.41666667 0.40816327]
 [0.26960227 0.27604167 0.27060878]]
0.2760416666666667
hidden units: 19
[[0.16216216 0.125      0.14117647]
 [0.15555556 0.14583333 0.15053763]
 [0.24561404 0.29166667 0.26666667]
 [0.28301887 0.3125     0.2970297 ]
 [0.21158766 0.21875    0.21385262]]
0.21875
accuracy list: 
[0.2708333333333333, 0.234375, 0.265625, 0.3072916666666667, 0.23958333333333334, 0.265625, 0.22916666666666666, 0.296875, 0.2604166666666667, 0.2760416666666667, 0.265625, 0.20833333333333334, 0.2552083333333333, 0.24479166666666666, 0.28125, 0.2708333333333333, 0.22395833333333334, 0.2760416666666667, 0.21875]
time cost list: 
[2.425689935684204, 2.9282379150390625, 3.582942008972168, 4.473381042480469, 5.673796892166138, 8.768925189971924, 6.349969863891602, 6.62816309928894, 11.26732587814331, 10.151381015777588, 13.932775974273682, 13.66330885887146, 8.695605039596558, 12.229358911514282, 11.477435111999512, 13.681765794754028, 12.318513870239258, 14.001967191696167, 11.54699969291687]
