All features 
LDA: True  
hidden units: 1
[[0.37931034 0.45833333 0.41509434]
 [0.30769231 0.08333333 0.13114754]
 [0.23404255 0.22916667 0.23157895]
 [0.41891892 0.64583333 0.50819672]
 [0.33499103 0.35416667 0.32150439]]
0.3541666666666667
hidden units: 2
[[0.35526316 0.5625     0.43548387]
 [0.23076923 0.0625     0.09836066]
 [0.05263158 0.04166667 0.04651163]
 [0.52307692 0.70833333 0.60176991]
 [0.29043522 0.34375    0.29553152]]
0.34375
hidden units: 3
[[0.42352941 0.75       0.54135338]
 [0.3        0.0625     0.10344828]
 [0.11111111 0.0625     0.08      ]
 [0.54285714 0.79166667 0.6440678 ]
 [0.34437442 0.41666667 0.34221736]]
0.4166666666666667
hidden units: 4
[[0.39240506 0.64583333 0.48818898]
 [0.4        0.08333333 0.13793103]
 [0.12121212 0.08333333 0.09876543]
 [0.54285714 0.79166667 0.6440678 ]
 [0.36411858 0.40104167 0.34223831]]
0.4010416666666667
hidden units: 5
[[0.40506329 0.66666667 0.50393701]
 [0.41666667 0.10416667 0.16666667]
 [0.17647059 0.125      0.14634146]
 [0.55223881 0.77083333 0.64347826]
 [0.38760984 0.41666667 0.36510585]]
0.4166666666666667
hidden units: 6
[[0.38571429 0.5625     0.45762712]
 [0.41666667 0.10416667 0.16666667]
 [0.16666667 0.14583333 0.15555556]
 [0.54411765 0.77083333 0.63793103]
 [0.37829132 0.39583333 0.35444509]]
0.3958333333333333
hidden units: 7
[[0.36486486 0.5625     0.44262295]
 [0.5625     0.1875     0.28125   ]
 [0.05263158 0.04166667 0.04651163]
 [0.578125   0.77083333 0.66071429]
 [0.38953036 0.390625   0.35777472]]
0.390625
hidden units: 8
[[0.44615385 0.60416667 0.51327434]
 [0.33333333 0.08333333 0.13333333]
 [0.20930233 0.1875     0.1978022 ]
 [0.54166667 0.8125     0.65      ]
 [0.38261404 0.421875   0.37360247]]
0.421875
hidden units: 9
[[0.40909091 0.5625     0.47368421]
 [0.41666667 0.10416667 0.16666667]
 [0.18604651 0.16666667 0.17582418]
 [0.52112676 0.77083333 0.62184874]
 [0.38323271 0.40104167 0.35950595]]
0.4010416666666667
hidden units: 10
[[0.3974359  0.64583333 0.49206349]
 [0.27272727 0.125      0.17142857]
 [0.22580645 0.14583333 0.17721519]
 [0.49180328 0.625      0.55045872]
 [0.34694323 0.38541667 0.34779149]]
0.3854166666666667
hidden units: 11
[[0.38888889 0.4375     0.41176471]
 [0.375      0.1875     0.25      ]
 [0.34782609 0.33333333 0.34042553]
 [0.47058824 0.66666667 0.55172414]
 [0.3955758  0.40625    0.38847859]]
0.40625
hidden units: 12
[[0.34545455 0.39583333 0.36893204]
 [0.34615385 0.1875     0.24324324]
 [0.25       0.25       0.25      ]
 [0.46031746 0.60416667 0.52252252]
 [0.35048146 0.359375   0.34617445]]
0.359375
hidden units: 13
[[0.3442623  0.4375     0.3853211 ]
 [0.29032258 0.1875     0.2278481 ]
 [0.26190476 0.22916667 0.24444444]
 [0.55172414 0.66666667 0.60377358]
 [0.36205344 0.38020833 0.36534681]]
0.3802083333333333
hidden units: 14
[[0.33333333 0.375      0.35294118]
 [0.25       0.10416667 0.14705882]
 [0.27659574 0.27083333 0.27368421]
 [0.43661972 0.64583333 0.5210084 ]
 [0.3241372  0.34895833 0.32367315]]
0.3489583333333333
hidden units: 15
[[0.44262295 0.5625     0.49541284]
 [0.55       0.22916667 0.32352941]
 [0.23214286 0.27083333 0.25      ]
 [0.49090909 0.5625     0.52427184]
 [0.42891872 0.40625    0.39830353]]
0.40625
hidden units: 16
[[0.42592593 0.47916667 0.45098039]
 [0.26315789 0.10416667 0.14925373]
 [0.15217391 0.14583333 0.14893617]
 [0.52054795 0.79166667 0.62809917]
 [0.34045142 0.38020833 0.34431737]]
0.3802083333333333
hidden units: 17
[[0.31147541 0.39583333 0.34862385]
 [0.25       0.08333333 0.125     ]
 [0.18367347 0.1875     0.18556701]
 [0.51515152 0.70833333 0.59649123]
 [0.3150751  0.34375    0.31392052]]
0.34375
hidden units: 18
[[0.40816327 0.41666667 0.41237113]
 [0.21052632 0.08333333 0.11940299]
 [0.24615385 0.33333333 0.28318584]
 [0.52542373 0.64583333 0.57943925]
 [0.34756679 0.36979167 0.3485998 ]]
0.3697916666666667
hidden units: 19
[[0.4375     0.4375     0.4375    ]
 [0.21428571 0.125      0.15789474]
 [0.32075472 0.35416667 0.33663366]
 [0.50793651 0.66666667 0.57657658]
 [0.37011923 0.39583333 0.37715124]]
0.3958333333333333
accuracy list: 
[0.3541666666666667, 0.34375, 0.4166666666666667, 0.4010416666666667, 0.4166666666666667, 0.3958333333333333, 0.390625, 0.421875, 0.4010416666666667, 0.3854166666666667, 0.40625, 0.359375, 0.3802083333333333, 0.3489583333333333, 0.40625, 0.3802083333333333, 0.34375, 0.3697916666666667, 0.3958333333333333]
time cost list: 
[1.3087971210479736, 1.686089038848877, 1.850282907485962, 1.7408409118652344, 2.24668288230896, 2.31724214553833, 2.7277088165283203, 2.956332206726074, 3.8871591091156006, 4.136898994445801, 4.3803870677948, 5.203689813613892, 6.657378911972046, 6.3492209911346436, 7.178446054458618, 7.469349145889282, 9.244466066360474, 12.606536149978638, 13.78755497932434]
