All features 
LDA: True  
hidden units: 1
[[0.37837838 0.58333333 0.45901639]
 [0.125      0.02083333 0.03571429]
 [0.26315789 0.20833333 0.23255814]
 [0.45833333 0.6875     0.55      ]
 [0.3062174  0.375      0.3193222 ]]
0.375
hidden units: 2
[[0.42528736 0.77083333 0.54814815]
 [0.         0.         0.        ]
 [0.17241379 0.10416667 0.12987013]
 [0.54054054 0.83333333 0.6557377 ]
 [0.28456042 0.42708333 0.333439  ]]
0.4270833333333333
hidden units: 3
[[0.37179487 0.60416667 0.46031746]
 [0.         0.         0.        ]
 [0.2        0.16666667 0.18181818]
 [0.54929577 0.8125     0.65546218]
 [0.28027266 0.39583333 0.32439946]]
0.3958333333333333
hidden units: 4
[[0.42307692 0.6875     0.52380952]
 [0.33333333 0.02083333 0.03921569]
 [0.25641026 0.20833333 0.22988506]
 [0.54166667 0.8125     0.65      ]
 [0.38862179 0.43229167 0.36072757]]
0.4322916666666667
hidden units: 5
[[0.36363636 0.5        0.42105263]
 [0.09090909 0.02083333 0.03389831]
 [0.22222222 0.20833333 0.21505376]
 [0.54285714 0.79166667 0.6440678 ]
 [0.3049062  0.38020833 0.32851812]]
0.3802083333333333
hidden units: 6
[[0.38356164 0.58333333 0.46280992]
 [0.26666667 0.08333333 0.12698413]
 [0.08108108 0.0625     0.07058824]
 [0.50746269 0.70833333 0.59130435]
 [0.30969302 0.359375   0.31292166]]
0.359375
hidden units: 7
[[0.33846154 0.45833333 0.38938053]
 [0.26666667 0.08333333 0.12698413]
 [0.10638298 0.10416667 0.10526316]
 [0.50769231 0.6875     0.5840708 ]
 [0.30480087 0.33333333 0.30142465]]
0.3333333333333333
hidden units: 8
[[0.41428571 0.60416667 0.49152542]
 [0.13333333 0.04166667 0.06349206]
 [0.13157895 0.10416667 0.11627907]
 [0.50724638 0.72916667 0.5982906 ]
 [0.29661109 0.36979167 0.31739679]]
0.3697916666666667
hidden units: 9
[[0.40322581 0.52083333 0.45454545]
 [0.29166667 0.14583333 0.19444444]
 [0.1627907  0.14583333 0.15384615]
 [0.50793651 0.66666667 0.57657658]
 [0.34140492 0.36979167 0.34485316]]
0.3697916666666667
hidden units: 10
[[0.3220339  0.39583333 0.35514019]
 [0.26315789 0.10416667 0.14925373]
 [0.23529412 0.25       0.24242424]
 [0.50793651 0.66666667 0.57657658]
 [0.3321056  0.35416667 0.33084868]]
0.3541666666666667
hidden units: 11
[[0.44       0.45833333 0.44897959]
 [0.22222222 0.125      0.16      ]
 [0.30357143 0.35416667 0.32692308]
 [0.47457627 0.58333333 0.52336449]
 [0.36009248 0.38020833 0.36481679]]
0.3802083333333333
hidden units: 12
[[0.31168831 0.5        0.384     ]
 [0.33333333 0.14583333 0.20289855]
 [0.19444444 0.14583333 0.16666667]
 [0.44827586 0.54166667 0.49056604]
 [0.32193549 0.33333333 0.31103281]]
0.3333333333333333
hidden units: 13
[[0.36363636 0.5        0.42105263]
 [0.35294118 0.125      0.18461538]
 [0.21153846 0.22916667 0.22      ]
 [0.49122807 0.58333333 0.53333333]
 [0.35483602 0.359375   0.33975034]]
0.359375
hidden units: 14
[[0.37735849 0.41666667 0.3960396 ]
 [0.28571429 0.125      0.17391304]
 [0.24528302 0.27083333 0.25742574]
 [0.56923077 0.77083333 0.65486726]
 [0.36939664 0.39583333 0.37056141]]
0.3958333333333333
hidden units: 15
[[0.32727273 0.375      0.34951456]
 [0.5        0.25       0.33333333]
 [0.23076923 0.25       0.24      ]
 [0.55737705 0.70833333 0.62385321]
 [0.40385475 0.39583333 0.38667528]]
0.3958333333333333
hidden units: 16
[[0.40350877 0.47916667 0.43809524]
 [0.46666667 0.14583333 0.22222222]
 [0.22916667 0.22916667 0.22916667]
 [0.5        0.75       0.6       ]
 [0.39983553 0.40104167 0.37237103]]
0.4010416666666667
hidden units: 17
[[0.49090909 0.5625     0.52427184]
 [0.31818182 0.14583333 0.2       ]
 [0.28571429 0.25       0.26666667]
 [0.53424658 0.8125     0.6446281 ]
 [0.40726294 0.44270833 0.40889165]]
0.4427083333333333
hidden units: 18
[[0.34375    0.45833333 0.39285714]
 [0.36       0.1875     0.24657534]
 [0.26666667 0.25       0.25806452]
 [0.46551724 0.5625     0.50943396]
 [0.35898348 0.36458333 0.35173274]]
0.3645833333333333
hidden units: 19
[[0.42592593 0.47916667 0.45098039]
 [0.21052632 0.08333333 0.11940299]
 [0.28846154 0.3125     0.3       ]
 [0.49253731 0.6875     0.57391304]
 [0.35436277 0.390625   0.36107411]]
0.390625
accuracy list: 
[0.375, 0.4270833333333333, 0.3958333333333333, 0.4322916666666667, 0.3802083333333333, 0.359375, 0.3333333333333333, 0.3697916666666667, 0.3697916666666667, 0.3541666666666667, 0.3802083333333333, 0.3333333333333333, 0.359375, 0.3958333333333333, 0.3958333333333333, 0.4010416666666667, 0.4427083333333333, 0.3645833333333333, 0.390625]
time cost list: 
[1.3817789554595947, 1.975527048110962, 1.814465045928955, 2.136453866958618, 2.1040000915527344, 2.3071951866149902, 2.935544967651367, 3.2382876873016357, 3.7515482902526855, 3.9934070110321045, 5.8350841999053955, 5.739223003387451, 6.4081268310546875, 6.915471076965332, 7.75459098815918, 7.11150598526001, 11.07086992263794, 10.819608926773071, 14.151469230651855]
