All features 
LDA: True  
hidden units: 1
[[0.42253521 0.625      0.50420168]
 [0.1        0.04166667 0.05882353]
 [0.3030303  0.20833333 0.24691358]
 [0.5        0.70833333 0.5862069 ]
 [0.33139138 0.39583333 0.34903642]]
0.3958333333333333
hidden units: 2
[[0.37647059 0.66666667 0.48120301]
 [0.         0.         0.        ]
 [0.22580645 0.14583333 0.17721519]
 [0.53333333 0.83333333 0.6504065 ]
 [0.28390259 0.41145833 0.32720618]]
0.4114583333333333
hidden units: 3
[[0.41975309 0.70833333 0.52713178]
 [0.55555556 0.10416667 0.1754386 ]
 [0.20588235 0.14583333 0.17073171]
 [0.55882353 0.79166667 0.65517241]
 [0.43500363 0.4375     0.38211863]]
0.4375
hidden units: 4
[[0.36470588 0.64583333 0.46616541]
 [0.         0.         0.        ]
 [0.09375    0.0625     0.075     ]
 [0.54794521 0.83333333 0.66115702]
 [0.25160027 0.38541667 0.30058061]]
0.3854166666666667
hidden units: 5
[[0.38461538 0.625      0.47619048]
 [0.2        0.04166667 0.06896552]
 [0.16666667 0.125      0.14285714]
 [0.51470588 0.72916667 0.60344828]
 [0.31649698 0.38020833 0.32286535]]
0.3802083333333333
hidden units: 6
[[0.46052632 0.72916667 0.56451613]
 [0.61538462 0.16666667 0.26229508]
 [0.19444444 0.14583333 0.16666667]
 [0.56716418 0.79166667 0.66086957]
 [0.45937989 0.45833333 0.41358686]]
0.4583333333333333
hidden units: 7
[[0.41333333 0.64583333 0.50406504]
 [0.55555556 0.20833333 0.3030303 ]
 [0.13513514 0.10416667 0.11764706]
 [0.58064516 0.75       0.65454545]
 [0.4211673  0.42708333 0.39482196]]
0.4270833333333333
hidden units: 8
[[0.41666667 0.625      0.5       ]
 [0.28571429 0.125      0.17391304]
 [0.25       0.16666667 0.2       ]
 [0.49253731 0.6875     0.57391304]
 [0.36122957 0.40104167 0.36195652]]
0.4010416666666667
hidden units: 9
[[0.44155844 0.70833333 0.544     ]
 [0.34782609 0.16666667 0.22535211]
 [0.26470588 0.1875     0.2195122 ]
 [0.46551724 0.5625     0.50943396]
 [0.37990191 0.40625    0.37457457]]
0.40625
hidden units: 10
[[0.4        0.5        0.44444444]
 [0.38888889 0.14583333 0.21212121]
 [0.27083333 0.27083333 0.27083333]
 [0.48484848 0.66666667 0.56140351]
 [0.38614268 0.39583333 0.37220062]]
0.3958333333333333
hidden units: 11
[[0.44642857 0.52083333 0.48076923]
 [0.15       0.0625     0.08823529]
 [0.19607843 0.20833333 0.2020202 ]
 [0.50769231 0.6875     0.5840708 ]
 [0.32504983 0.36979167 0.33877388]]
0.3697916666666667
hidden units: 12
[[0.44642857 0.52083333 0.48076923]
 [0.24242424 0.16666667 0.19753086]
 [0.28947368 0.22916667 0.25581395]
 [0.43076923 0.58333333 0.49557522]
 [0.35227393 0.375      0.35742232]]
0.375
hidden units: 13
[[0.35087719 0.41666667 0.38095238]
 [0.31818182 0.14583333 0.2       ]
 [0.14893617 0.14583333 0.14736842]
 [0.48484848 0.66666667 0.56140351]
 [0.32571092 0.34375    0.32243108]]
0.34375
hidden units: 14
[[0.44776119 0.625      0.52173913]
 [0.25       0.08333333 0.125     ]
 [0.3255814  0.29166667 0.30769231]
 [0.5        0.6875     0.57894737]
 [0.38083565 0.421875   0.3833447 ]]
0.421875
hidden units: 15
[[0.36842105 0.4375     0.4       ]
 [0.33333333 0.14583333 0.20289855]
 [0.2        0.1875     0.19354839]
 [0.47826087 0.6875     0.56410256]
 [0.34500381 0.36458333 0.34013738]]
0.3645833333333333
hidden units: 16
[[0.35714286 0.41666667 0.38461538]
 [0.2962963  0.16666667 0.21333333]
 [0.18367347 0.1875     0.18556701]
 [0.48333333 0.60416667 0.53703704]
 [0.33011149 0.34375    0.33013819]]
0.34375
hidden units: 17
[[0.35483871 0.45833333 0.4       ]
 [0.34285714 0.25       0.28915663]
 [0.26086957 0.25       0.25531915]
 [0.51020408 0.52083333 0.51546392]
 [0.36719237 0.36979167 0.36498492]]
0.3697916666666667
hidden units: 18
[[0.40322581 0.52083333 0.45454545]
 [0.34482759 0.20833333 0.25974026]
 [0.24390244 0.20833333 0.2247191 ]
 [0.5        0.625      0.55555556]
 [0.37298896 0.390625   0.37364009]]
0.390625
hidden units: 19
[[0.46       0.47916667 0.46938776]
 [0.19047619 0.08333333 0.11594203]
 [0.27272727 0.3125     0.29126214]
 [0.5        0.6875     0.57894737]
 [0.35580087 0.390625   0.36388482]]
0.390625
accuracy list: 
[0.3958333333333333, 0.4114583333333333, 0.4375, 0.3854166666666667, 0.3802083333333333, 0.4583333333333333, 0.4270833333333333, 0.4010416666666667, 0.40625, 0.3958333333333333, 0.3697916666666667, 0.375, 0.34375, 0.421875, 0.3645833333333333, 0.34375, 0.3697916666666667, 0.390625, 0.390625]
time cost list: 
[1.3531458377838135, 1.7720789909362793, 1.8259031772613525, 1.9359691143035889, 2.135166883468628, 2.0068438053131104, 2.615679979324341, 2.978114128112793, 3.317725896835327, 3.525303840637207, 4.625590801239014, 4.968561887741089, 5.748573064804077, 5.387064695358276, 6.926301956176758, 8.63611102104187, 10.590365886688232, 11.957711935043335, 14.313249111175537]
