All features 
LDA: False  
hidden units: 1
[[0.25       0.25       0.25      ]
 [0.23076923 0.1875     0.20689655]
 [0.4        0.33333333 0.36363636]
 [0.33846154 0.45833333 0.38938053]
 [0.30480769 0.30729167 0.30247836]]
0.3072916666666667
hidden units: 2
[[0.10638298 0.10416667 0.10526316]
 [0.2745098  0.29166667 0.28282828]
 [0.30769231 0.33333333 0.32      ]
 [0.21428571 0.1875     0.2       ]
 [0.2257177  0.22916667 0.22702286]]
0.22916666666666666
hidden units: 3
[[0.18367347 0.1875     0.18556701]
 [0.26785714 0.3125     0.28846154]
 [0.3        0.3125     0.30612245]
 [0.24324324 0.1875     0.21176471]
 [0.24869346 0.25       0.24797893]]
0.25
hidden units: 4
[[0.22727273 0.20833333 0.2173913 ]
 [0.26923077 0.29166667 0.28      ]
 [0.23913043 0.22916667 0.23404255]
 [0.28       0.29166667 0.28571429]
 [0.25390848 0.25520833 0.25428704]]
0.2552083333333333
hidden units: 5
[[0.18604651 0.16666667 0.17582418]
 [0.26315789 0.20833333 0.23255814]
 [0.2295082  0.29166667 0.25688073]
 [0.32       0.33333333 0.32653061]
 [0.24967815 0.25       0.24794842]]
0.25
hidden units: 6
[[0.24242424 0.16666667 0.19753086]
 [0.27659574 0.27083333 0.27368421]
 [0.29824561 0.35416667 0.32380952]
 [0.27272727 0.3125     0.29126214]
 [0.27249822 0.27604167 0.27157168]]
0.2760416666666667
hidden units: 7
[[0.23529412 0.16666667 0.19512195]
 [0.24444444 0.22916667 0.23655914]
 [0.31666667 0.39583333 0.35185185]
 [0.24528302 0.27083333 0.25742574]
 [0.26042206 0.265625   0.26023967]]
0.265625
hidden units: 8
[[0.31111111 0.29166667 0.30107527]
 [0.1627907  0.14583333 0.15384615]
 [0.29508197 0.375      0.33027523]
 [0.34883721 0.3125     0.32967033]
 [0.27945525 0.28125    0.27871675]]
0.28125
hidden units: 9
[[0.28301887 0.3125     0.2970297 ]
 [0.17948718 0.14583333 0.16091954]
 [0.27586207 0.33333333 0.30188679]
 [0.30952381 0.27083333 0.28888889]
 [0.26197298 0.265625   0.26218123]]
0.265625
hidden units: 10
[[0.26666667 0.16666667 0.20512821]
 [0.19642857 0.22916667 0.21153846]
 [0.29090909 0.33333333 0.31067961]
 [0.33333333 0.35416667 0.34343434]
 [0.27183442 0.27083333 0.26769516]]
0.2708333333333333
hidden units: 11
[[0.21052632 0.16666667 0.18604651]
 [0.18604651 0.16666667 0.17582418]
 [0.25       0.3125     0.27777778]
 [0.23529412 0.25       0.24242424]
 [0.22046674 0.22395833 0.22051818]]
0.22395833333333334
hidden units: 12
[[0.25       0.20833333 0.22727273]
 [0.23809524 0.20833333 0.22222222]
 [0.21666667 0.27083333 0.24074074]
 [0.32       0.33333333 0.32653061]
 [0.25619048 0.25520833 0.25419158]]
0.2552083333333333
hidden units: 13
[[0.05405405 0.04166667 0.04705882]
 [0.15555556 0.14583333 0.15053763]
 [0.17741935 0.22916667 0.2       ]
 [0.29166667 0.29166667 0.29166667]
 [0.16967391 0.17708333 0.17231578]]
0.17708333333333334
hidden units: 14
[[0.14285714 0.10416667 0.12048193]
 [0.2037037  0.22916667 0.21568627]
 [0.28205128 0.22916667 0.25287356]
 [0.234375   0.3125     0.26785714]
 [0.21574678 0.21875    0.21422473]]
0.21875
hidden units: 15
[[0.19512195 0.16666667 0.17977528]
 [0.26       0.27083333 0.26530612]
 [0.23404255 0.22916667 0.23157895]
 [0.27777778 0.3125     0.29411765]
 [0.24173557 0.24479167 0.2426945 ]]
0.24479166666666666
hidden units: 16
[[0.25581395 0.22916667 0.24175824]
 [0.16216216 0.125      0.14117647]
 [0.25       0.29166667 0.26923077]
 [0.32142857 0.375      0.34615385]
 [0.24735117 0.25520833 0.24957983]]
0.2552083333333333
hidden units: 17
[[0.22857143 0.16666667 0.19277108]
 [0.175      0.14583333 0.15909091]
 [0.18644068 0.22916667 0.20560748]
 [0.34482759 0.41666667 0.37735849]
 [0.23370992 0.23958333 0.23370699]]
0.23958333333333334
hidden units: 18
[[0.24242424 0.16666667 0.19753086]
 [0.15909091 0.14583333 0.15217391]
 [0.23529412 0.33333333 0.27586207]
 [0.27659574 0.27083333 0.27368421]
 [0.22835125 0.22916667 0.22481276]]
0.22916666666666666
hidden units: 19
[[0.23809524 0.20833333 0.22222222]
 [0.3125     0.3125     0.3125    ]
 [0.24074074 0.27083333 0.25490196]
 [0.3125     0.3125     0.3125    ]
 [0.27595899 0.27604167 0.27553105]]
0.2760416666666667
accuracy list: 
[0.3072916666666667, 0.22916666666666666, 0.25, 0.2552083333333333, 0.25, 0.2760416666666667, 0.265625, 0.28125, 0.265625, 0.2708333333333333, 0.22395833333333334, 0.2552083333333333, 0.17708333333333334, 0.21875, 0.24479166666666666, 0.2552083333333333, 0.23958333333333334, 0.22916666666666666, 0.2760416666666667]
time cost list: 
[2.2780721187591553, 2.9083030223846436, 3.9229791164398193, 4.6110148429870605, 6.156799793243408, 7.359633922576904, 6.825107097625732, 6.394614219665527, 8.72727918624878, 9.1488618850708, 11.028045177459717, 11.820348978042603, 12.795472860336304, 13.370670080184937, 10.796942234039307, 12.825992822647095, 17.03252601623535, 13.47679591178894, 14.390614748001099]
