All features 
LDA: True  
hidden units: 1
[[0.41269841 0.54166667 0.46846847]
 [0.3030303  0.20833333 0.24691358]
 [0.31034483 0.1875     0.23376623]
 [0.47761194 0.66666667 0.55652174]
 [0.37592137 0.40104167 0.37641751]]
0.4010416666666667
hidden units: 2
[[0.38043478 0.72916667 0.5       ]
 [0.33333333 0.02083333 0.03921569]
 [0.08       0.04166667 0.05479452]
 [0.52777778 0.79166667 0.63333333]
 [0.33038647 0.39583333 0.30683589]]
0.3958333333333333
hidden units: 3
[[0.41489362 0.8125     0.54929577]
 [0.         0.         0.        ]
 [0.08695652 0.04166667 0.05633803]
 [0.53521127 0.79166667 0.63865546]
 [0.25926535 0.41145833 0.31107232]]
0.4114583333333333
hidden units: 4
[[0.41463415 0.70833333 0.52307692]
 [0.2        0.02083333 0.03773585]
 [0.20588235 0.14583333 0.17073171]
 [0.54929577 0.8125     0.65546218]
 [0.34245307 0.421875   0.34675167]]
0.421875
hidden units: 5
[[0.41025641 0.66666667 0.50793651]
 [0.09090909 0.02083333 0.03389831]
 [0.21212121 0.14583333 0.17283951]
 [0.51428571 0.75       0.61016949]
 [0.30689311 0.39583333 0.33121095]]
0.3958333333333333
hidden units: 6
[[0.3943662  0.58333333 0.47058824]
 [0.23076923 0.0625     0.09836066]
 [0.175      0.14583333 0.15909091]
 [0.51470588 0.72916667 0.60344828]
 [0.32871033 0.38020833 0.33287202]]
0.3802083333333333
hidden units: 7
[[0.35211268 0.52083333 0.42016807]
 [0.4        0.08333333 0.13793103]
 [0.11111111 0.08333333 0.0952381 ]
 [0.50666667 0.79166667 0.61788618]
 [0.34247261 0.36979167 0.31780584]]
0.3697916666666667
hidden units: 8
[[0.47692308 0.64583333 0.54867257]
 [0.31578947 0.125      0.17910448]
 [0.2195122  0.1875     0.20224719]
 [0.52238806 0.72916667 0.60869565]
 [0.3836532  0.421875   0.38467997]]
0.421875
hidden units: 9
[[0.40909091 0.5625     0.47368421]
 [0.42105263 0.16666667 0.23880597]
 [0.24390244 0.20833333 0.2247191 ]
 [0.54545455 0.75       0.63157895]
 [0.40487513 0.421875   0.39219706]]
0.421875
hidden units: 10
[[0.38983051 0.47916667 0.42990654]
 [0.33333333 0.14583333 0.20289855]
 [0.22222222 0.20833333 0.21505376]
 [0.53731343 0.75       0.62608696]
 [0.37067487 0.39583333 0.36848645]]
0.3958333333333333
hidden units: 11
[[0.45       0.5625     0.5       ]
 [0.32       0.16666667 0.21917808]
 [0.24390244 0.20833333 0.2247191 ]
 [0.5        0.6875     0.57894737]
 [0.37847561 0.40625    0.38071114]]
0.40625
hidden units: 12
[[0.38709677 0.5        0.43636364]
 [0.33333333 0.125      0.18181818]
 [0.22916667 0.22916667 0.22916667]
 [0.53125    0.70833333 0.60714286]
 [0.37021169 0.390625   0.36362284]]
0.390625
hidden units: 13
[[0.42592593 0.47916667 0.45098039]
 [0.26086957 0.125      0.16901408]
 [0.26923077 0.29166667 0.28      ]
 [0.42857143 0.5625     0.48648649]
 [0.34614942 0.36458333 0.34662024]]
0.3645833333333333
hidden units: 14
[[0.36734694 0.375      0.37113402]
 [0.36842105 0.14583333 0.20895522]
 [0.15384615 0.20833333 0.17699115]
 [0.57627119 0.70833333 0.63551402]
 [0.36647133 0.359375   0.3481486 ]]
0.359375
hidden units: 15
[[0.44262295 0.5625     0.49541284]
 [0.2173913  0.10416667 0.14084507]
 [0.15909091 0.14583333 0.15217391]
 [0.484375   0.64583333 0.55357143]
 [0.32587004 0.36458333 0.33550081]]
0.3645833333333333
hidden units: 16
[[0.38297872 0.375      0.37894737]
 [0.17857143 0.10416667 0.13157895]
 [0.26785714 0.3125     0.28846154]
 [0.42622951 0.54166667 0.47706422]
 [0.3139092  0.33333333 0.31901302]]
0.3333333333333333
hidden units: 17
[[0.50943396 0.5625     0.53465347]
 [0.21428571 0.125      0.15789474]
 [0.31372549 0.33333333 0.32323232]
 [0.41666667 0.52083333 0.46296296]
 [0.36352796 0.38541667 0.36968587]]
0.3854166666666667
hidden units: 18
[[0.40384615 0.4375     0.42      ]
 [0.41666667 0.20833333 0.27777778]
 [0.29411765 0.3125     0.3030303 ]
 [0.47692308 0.64583333 0.54867257]
 [0.39788839 0.40104167 0.38737016]]
0.4010416666666667
hidden units: 19
[[0.39344262 0.5        0.44036697]
 [0.26923077 0.14583333 0.18918919]
 [0.10638298 0.10416667 0.10526316]
 [0.55172414 0.66666667 0.60377358]
 [0.33019513 0.35416667 0.33464823]]
0.3541666666666667
accuracy list: 
[0.4010416666666667, 0.3958333333333333, 0.4114583333333333, 0.421875, 0.3958333333333333, 0.3802083333333333, 0.3697916666666667, 0.421875, 0.421875, 0.3958333333333333, 0.40625, 0.390625, 0.3645833333333333, 0.359375, 0.3645833333333333, 0.3333333333333333, 0.3854166666666667, 0.4010416666666667, 0.3541666666666667]
time cost list: 
[1.382072925567627, 1.5916011333465576, 1.6678621768951416, 1.9466948509216309, 2.0177109241485596, 2.094604969024658, 2.4087259769439697, 2.8643410205841064, 3.6706228256225586, 3.659776210784912, 4.46972393989563, 4.610813856124878, 5.226215839385986, 6.081898212432861, 6.536719083786011, 8.134182214736938, 9.281754970550537, 11.841655731201172, 13.501464128494263]
