All features 
LDA: False  
hidden units: 1
[[0.22058824 0.3125     0.25862069]
 [0.09090909 0.04166667 0.05714286]
 [0.28205128 0.22916667 0.25287356]
 [0.19047619 0.25       0.21621622]
 [0.1960062  0.20833333 0.19621333]]
0.20833333333333334
hidden units: 2
[[0.27659574 0.27083333 0.27368421]
 [0.25641026 0.20833333 0.22988506]
 [0.28571429 0.33333333 0.30769231]
 [0.28       0.29166667 0.28571429]
 [0.27468007 0.27604167 0.27424397]]
0.2760416666666667
hidden units: 3
[[0.26923077 0.29166667 0.28      ]
 [0.27659574 0.27083333 0.27368421]
 [0.2745098  0.29166667 0.28282828]
 [0.33333333 0.29166667 0.31111111]
 [0.28841741 0.28645833 0.2869059 ]]
0.2864583333333333
hidden units: 4
[[0.225      0.1875     0.20454545]
 [0.28205128 0.22916667 0.25287356]
 [0.25806452 0.33333333 0.29090909]
 [0.33333333 0.35416667 0.34343434]
 [0.27461228 0.27604167 0.27294061]]
0.2760416666666667
hidden units: 5
[[0.21621622 0.16666667 0.18823529]
 [0.25454545 0.29166667 0.27184466]
 [0.27777778 0.3125     0.29411765]
 [0.26086957 0.25       0.25531915]
 [0.25235225 0.25520833 0.25237919]]
0.2552083333333333
hidden units: 6
[[0.17948718 0.14583333 0.16091954]
 [0.29787234 0.29166667 0.29473684]
 [0.29508197 0.375      0.33027523]
 [0.28888889 0.27083333 0.27956989]
 [0.26533259 0.27083333 0.26637538]]
0.2708333333333333
hidden units: 7
[[0.20512821 0.16666667 0.18390805]
 [0.22       0.22916667 0.2244898 ]
 [0.28813559 0.35416667 0.31775701]
 [0.22727273 0.20833333 0.2173913 ]
 [0.23513413 0.23958333 0.23588654]]
0.23958333333333334
hidden units: 8
[[0.20512821 0.16666667 0.18390805]
 [0.18421053 0.14583333 0.1627907 ]
 [0.31481481 0.35416667 0.33333333]
 [0.27868852 0.35416667 0.31192661]
 [0.24571052 0.25520833 0.24798967]]
0.2552083333333333
hidden units: 9
[[0.27777778 0.20833333 0.23809524]
 [0.24074074 0.27083333 0.25490196]
 [0.33333333 0.375      0.35294118]
 [0.29166667 0.29166667 0.29166667]
 [0.28587963 0.28645833 0.28440126]]
0.2864583333333333
hidden units: 10
[[0.15555556 0.14583333 0.15053763]
 [0.25       0.25       0.25      ]
 [0.25925926 0.29166667 0.2745098 ]
 [0.26666667 0.25       0.25806452]
 [0.23287037 0.234375   0.23327799]]
0.234375
hidden units: 11
[[0.25       0.20833333 0.22727273]
 [0.24489796 0.25       0.24742268]
 [0.25925926 0.29166667 0.2745098 ]
 [0.36734694 0.375      0.37113402]
 [0.28037604 0.28125    0.28008481]]
0.28125
hidden units: 12
[[0.12903226 0.08333333 0.10126582]
 [0.25       0.27083333 0.26      ]
 [0.28846154 0.3125     0.3       ]
 [0.21052632 0.25       0.22857143]
 [0.21950503 0.22916667 0.22245931]]
0.22916666666666666
hidden units: 13
[[0.2745098  0.29166667 0.28282828]
 [0.20588235 0.14583333 0.17073171]
 [0.24       0.25       0.24489796]
 [0.24561404 0.29166667 0.26666667]
 [0.24150155 0.24479167 0.24128115]]
0.24479166666666666
hidden units: 14
[[0.18918919 0.14583333 0.16470588]
 [0.23076923 0.25       0.24      ]
 [0.27118644 0.33333333 0.29906542]
 [0.34090909 0.3125     0.32608696]
 [0.25801349 0.26041667 0.25746456]]
0.2604166666666667
hidden units: 15
[[0.13636364 0.125      0.13043478]
 [0.25       0.20833333 0.22727273]
 [0.29032258 0.375      0.32727273]
 [0.30434783 0.29166667 0.29787234]
 [0.24525851 0.25       0.24571314]]
0.25
hidden units: 16
[[0.20512821 0.16666667 0.18390805]
 [0.26829268 0.22916667 0.24719101]
 [0.33333333 0.4375     0.37837838]
 [0.36734694 0.375      0.37113402]
 [0.29352529 0.30208333 0.29515286]]
0.3020833333333333
hidden units: 17
[[0.23076923 0.1875     0.20689655]
 [0.18367347 0.1875     0.18556701]
 [0.30612245 0.3125     0.30927835]
 [0.29090909 0.33333333 0.31067961]
 [0.25286856 0.25520833 0.25310538]]
0.2552083333333333
hidden units: 18
[[0.17647059 0.125      0.14634146]
 [0.22857143 0.33333333 0.27118644]
 [0.25490196 0.27083333 0.26262626]
 [0.35135135 0.27083333 0.30588235]
 [0.25282383 0.25       0.24650913]]
0.25
hidden units: 19
[[0.18918919 0.14583333 0.16470588]
 [0.22916667 0.22916667 0.22916667]
 [0.24590164 0.3125     0.27522936]
 [0.2826087  0.27083333 0.27659574]
 [0.23671655 0.23958333 0.23642441]]
0.23958333333333334
accuracy list: 
[0.20833333333333334, 0.2760416666666667, 0.2864583333333333, 0.2760416666666667, 0.2552083333333333, 0.2708333333333333, 0.23958333333333334, 0.2552083333333333, 0.2864583333333333, 0.234375, 0.28125, 0.22916666666666666, 0.24479166666666666, 0.2604166666666667, 0.25, 0.3020833333333333, 0.2552083333333333, 0.25, 0.23958333333333334]
time cost list: 
[2.266000747680664, 2.8688271045684814, 3.5614638328552246, 3.89925479888916, 5.538478136062622, 6.5086510181427, 6.673609972000122, 9.090472936630249, 8.320565938949585, 11.332089900970459, 12.410192012786865, 10.534841060638428, 14.011642694473267, 14.554613828659058, 12.213109970092773, 14.138824939727783, 12.616207122802734, 11.416421890258789, 15.67148494720459]
