All features 
LDA: True  
hidden units: 1
[[0.41176471 0.58333333 0.48275862]
 [0.18181818 0.04166667 0.06779661]
 [0.38709677 0.5        0.43636364]
 [0.41176471 0.4375     0.42424242]
 [0.34811109 0.390625   0.35279032]]
0.390625
hidden units: 2
[[0.45348837 0.8125     0.58208955]
 [0.         0.         0.        ]
 [0.3        0.1875     0.23076923]
 [0.52631579 0.83333333 0.64516129]
 [0.31995104 0.45833333 0.36450502]]
0.4583333333333333
hidden units: 3
[[0.41428571 0.60416667 0.49152542]
 [0.5        0.02083333 0.04      ]
 [0.25       0.25       0.25      ]
 [0.55555556 0.83333333 0.66666667]
 [0.42996032 0.42708333 0.36204802]]
0.4270833333333333
hidden units: 4
[[0.42857143 0.6875     0.528     ]
 [0.25       0.0625     0.1       ]
 [0.23529412 0.16666667 0.19512195]
 [0.55072464 0.79166667 0.64957265]
 [0.36614755 0.42708333 0.36817365]]
0.4270833333333333
hidden units: 5
[[0.40789474 0.64583333 0.5       ]
 [0.14285714 0.04166667 0.06451613]
 [0.2        0.14583333 0.1686747 ]
 [0.50746269 0.70833333 0.59130435]
 [0.31455364 0.38541667 0.33112379]]
0.3854166666666667
hidden units: 6
[[0.359375   0.47916667 0.41071429]
 [0.28571429 0.04166667 0.07272727]
 [0.14285714 0.14583333 0.1443299 ]
 [0.55555556 0.83333333 0.66666667]
 [0.3358755  0.375      0.32360953]]
0.375
hidden units: 7
[[0.46575342 0.70833333 0.56198347]
 [0.42857143 0.125      0.19354839]
 [0.18181818 0.125      0.14814815]
 [0.52777778 0.79166667 0.63333333]
 [0.4009802  0.4375     0.38425333]]
0.4375
hidden units: 8
[[0.37878788 0.52083333 0.43859649]
 [0.46153846 0.125      0.19672131]
 [0.18604651 0.16666667 0.17582418]
 [0.54285714 0.79166667 0.6440678 ]
 [0.3923075  0.40104167 0.36380244]]
0.4010416666666667
hidden units: 9
[[0.41666667 0.625      0.5       ]
 [0.25       0.0625     0.1       ]
 [0.25641026 0.20833333 0.22988506]
 [0.46376812 0.66666667 0.54700855]
 [0.34671126 0.390625   0.3442234 ]]
0.390625
hidden units: 10
[[0.40322581 0.52083333 0.45454545]
 [0.31578947 0.125      0.17910448]
 [0.15909091 0.14583333 0.15217391]
 [0.47761194 0.66666667 0.55652174]
 [0.33892953 0.36458333 0.3355864 ]]
0.3645833333333333
hidden units: 11
[[0.48214286 0.5625     0.51923077]
 [0.3        0.125      0.17647059]
 [0.19230769 0.20833333 0.2       ]
 [0.515625   0.6875     0.58928571]
 [0.37251889 0.39583333 0.37124677]]
0.3958333333333333
hidden units: 12
[[0.44642857 0.52083333 0.48076923]
 [0.25       0.125      0.16666667]
 [0.26530612 0.27083333 0.26804124]
 [0.46031746 0.60416667 0.52252252]
 [0.35551304 0.38020833 0.35949991]]
0.3802083333333333
hidden units: 13
[[0.37704918 0.47916667 0.42201835]
 [0.35294118 0.125      0.18461538]
 [0.17777778 0.16666667 0.17204301]
 [0.52173913 0.75       0.61538462]
 [0.35737682 0.38020833 0.34851534]]
0.3802083333333333
hidden units: 14
[[0.36764706 0.52083333 0.43103448]
 [0.43478261 0.20833333 0.28169014]
 [0.30769231 0.25       0.27586207]
 [0.48387097 0.625      0.54545455]
 [0.39849824 0.40104167 0.38351031]]
0.4010416666666667
hidden units: 15
[[0.49180328 0.625      0.55045872]
 [0.44444444 0.16666667 0.24242424]
 [0.32       0.33333333 0.32653061]
 [0.47619048 0.625      0.54054054]
 [0.43310955 0.4375     0.41498853]]
0.4375
hidden units: 16
[[0.44897959 0.45833333 0.45360825]
 [0.25714286 0.1875     0.21686747]
 [0.27777778 0.3125     0.29411765]
 [0.5        0.5625     0.52941176]
 [0.37097506 0.38020833 0.37350128]]
0.3802083333333333
hidden units: 17
[[0.3559322  0.4375     0.39252336]
 [0.36       0.1875     0.24657534]
 [0.2        0.1875     0.19354839]
 [0.44444444 0.58333333 0.5045045 ]
 [0.34009416 0.34895833 0.3342879 ]]
0.3489583333333333
hidden units: 18
[[0.38       0.39583333 0.3877551 ]
 [0.54166667 0.27083333 0.36111111]
 [0.20634921 0.27083333 0.23423423]
 [0.56363636 0.64583333 0.60194175]
 [0.42291306 0.39583333 0.39626055]]
0.3958333333333333
hidden units: 19
[[0.3220339  0.39583333 0.35514019]
 [0.23076923 0.125      0.16216216]
 [0.2195122  0.1875     0.20224719]
 [0.46969697 0.64583333 0.54385965]
 [0.31050307 0.33854167 0.3158523 ]]
0.3385416666666667
accuracy list: 
[0.390625, 0.4583333333333333, 0.4270833333333333, 0.4270833333333333, 0.3854166666666667, 0.375, 0.4375, 0.4010416666666667, 0.390625, 0.3645833333333333, 0.3958333333333333, 0.3802083333333333, 0.3802083333333333, 0.4010416666666667, 0.4375, 0.3802083333333333, 0.3489583333333333, 0.3958333333333333, 0.3385416666666667]
time cost list: 
[1.3258700370788574, 1.8276898860931396, 1.956043004989624, 1.9372899532318115, 2.1606080532073975, 2.626718044281006, 2.297455310821533, 3.0541188716888428, 3.753129005432129, 3.9092559814453125, 4.884430885314941, 5.556640625, 4.8836328983306885, 6.842772960662842, 7.401566982269287, 8.026329040527344, 11.097036838531494, 11.596843004226685, 12.403653860092163]
