All features 
LDA: False  
hidden units: 1
[[0.20634921 0.27083333 0.23423423]
 [0.13333333 0.125      0.12903226]
 [0.20689655 0.125      0.15584416]
 [0.2        0.22916667 0.21359223]
 [0.18664477 0.1875     0.18317572]]
0.1875
hidden units: 2
[[0.29545455 0.27083333 0.2826087 ]
 [0.23809524 0.20833333 0.22222222]
 [0.25       0.27083333 0.26      ]
 [0.24074074 0.27083333 0.25490196]
 [0.25607263 0.25520833 0.25493322]]
0.2552083333333333
hidden units: 3
[[0.16326531 0.16666667 0.16494845]
 [0.22727273 0.20833333 0.2173913 ]
 [0.27083333 0.27083333 0.27083333]
 [0.37254902 0.39583333 0.38383838]
 [0.2584801  0.26041667 0.25925287]]
0.2604166666666667
hidden units: 4
[[0.2195122  0.1875     0.20224719]
 [0.19148936 0.1875     0.18947368]
 [0.24590164 0.3125     0.27522936]
 [0.25581395 0.22916667 0.24175824]
 [0.22817929 0.22916667 0.22717712]]
0.22916666666666666
hidden units: 5
[[0.24444444 0.22916667 0.23655914]
 [0.2826087  0.27083333 0.27659574]
 [0.20967742 0.27083333 0.23636364]
 [0.28205128 0.22916667 0.25287356]
 [0.25469546 0.25       0.25059802]]
0.25
hidden units: 6
[[0.19565217 0.1875     0.19148936]
 [0.20512821 0.16666667 0.18390805]
 [0.28333333 0.35416667 0.31481481]
 [0.25531915 0.25       0.25263158]
 [0.23485822 0.23958333 0.23571095]]
0.23958333333333334
hidden units: 7
[[0.19512195 0.16666667 0.17977528]
 [0.23529412 0.25       0.24242424]
 [0.30769231 0.33333333 0.32      ]
 [0.3125     0.3125     0.3125    ]
 [0.26265209 0.265625   0.26367488]]
0.265625
hidden units: 8
[[0.1025641  0.08333333 0.09195402]
 [0.21052632 0.25       0.22857143]
 [0.27868852 0.35416667 0.31192661]
 [0.31428571 0.22916667 0.26506024]
 [0.22651616 0.22916667 0.22437807]]
0.22916666666666666
hidden units: 9
[[0.15789474 0.125      0.13953488]
 [0.18181818 0.16666667 0.17391304]
 [0.21666667 0.27083333 0.24074074]
 [0.22       0.22916667 0.2244898 ]
 [0.1940949  0.19791667 0.19466962]]
0.19791666666666666
hidden units: 10
[[0.21052632 0.25       0.22857143]
 [0.21428571 0.1875     0.2       ]
 [0.29411765 0.3125     0.3030303 ]
 [0.23809524 0.20833333 0.22222222]
 [0.23925623 0.23958333 0.23845599]]
0.23958333333333334
hidden units: 11
[[0.20512821 0.16666667 0.18390805]
 [0.18181818 0.16666667 0.17391304]
 [0.25       0.27083333 0.26      ]
 [0.26315789 0.3125     0.28571429]
 [0.22502607 0.22916667 0.22588384]]
0.22916666666666666
hidden units: 12
[[0.21621622 0.16666667 0.18823529]
 [0.18       0.1875     0.18367347]
 [0.2826087  0.27083333 0.27659574]
 [0.23728814 0.29166667 0.26168224]
 [0.22902826 0.22916667 0.22754669]]
0.22916666666666666
hidden units: 13
[[0.19148936 0.1875     0.18947368]
 [0.21428571 0.1875     0.2       ]
 [0.21568627 0.22916667 0.22222222]
 [0.25       0.27083333 0.26      ]
 [0.21786534 0.21875    0.21792398]]
0.21875
hidden units: 14
[[0.18181818 0.125      0.14814815]
 [0.25531915 0.25       0.25263158]
 [0.31034483 0.375      0.33962264]
 [0.2037037  0.22916667 0.21568627]
 [0.23779647 0.24479167 0.23902216]]
0.24479166666666666
hidden units: 15
[[0.1627907  0.14583333 0.15384615]
 [0.27659574 0.27083333 0.27368421]
 [0.22916667 0.22916667 0.22916667]
 [0.35185185 0.39583333 0.37254902]
 [0.25510124 0.26041667 0.25731151]]
0.2604166666666667
hidden units: 16
[[0.28205128 0.22916667 0.25287356]
 [0.26086957 0.25       0.25531915]
 [0.28846154 0.3125     0.3       ]
 [0.30909091 0.35416667 0.33009709]
 [0.28511832 0.28645833 0.28457245]]
0.2864583333333333
hidden units: 17
[[0.23684211 0.1875     0.20930233]
 [0.2173913  0.20833333 0.21276596]
 [0.25862069 0.3125     0.28301887]
 [0.32       0.33333333 0.32653061]
 [0.25821352 0.26041667 0.25790444]]
0.2604166666666667
hidden units: 18
[[0.21212121 0.14583333 0.17283951]
 [0.15686275 0.16666667 0.16161616]
 [0.25       0.27083333 0.26      ]
 [0.21428571 0.25       0.23076923]
 [0.20831742 0.20833333 0.20630622]]
0.20833333333333334
hidden units: 19
[[0.14705882 0.10416667 0.12195122]
 [0.19565217 0.1875     0.19148936]
 [0.25423729 0.3125     0.28037383]
 [0.28301887 0.3125     0.2970297 ]
 [0.21999179 0.22916667 0.22271103]]
0.22916666666666666
accuracy list: 
[0.1875, 0.2552083333333333, 0.2604166666666667, 0.22916666666666666, 0.25, 0.23958333333333334, 0.265625, 0.22916666666666666, 0.19791666666666666, 0.23958333333333334, 0.22916666666666666, 0.22916666666666666, 0.21875, 0.24479166666666666, 0.2604166666666667, 0.2864583333333333, 0.2604166666666667, 0.20833333333333334, 0.22916666666666666]
time cost list: 
[2.5765857696533203, 3.1872410774230957, 3.601194143295288, 4.150986909866333, 5.304260969161987, 5.3478381633758545, 6.773306846618652, 7.061483860015869, 10.470353841781616, 11.104612827301025, 10.732216835021973, 11.25412392616272, 16.256620168685913, 10.404824018478394, 14.913433074951172, 15.72823977470398, 13.231577157974243, 11.877872228622437, 16.588063955307007]
